# Generated by Autoplot on Tue Oct 25 09:11:25 CDT 2022
# TITLE: J. C. Cain - Model Mars Field
SCET(UTC), B!br!n, nT(nT), B!b?!n, nT(nT), B!b?!n, nT(nT), |B|, nT(nT)
2015-12-30T03:25:12.929Z, -0.18911, 0.00018372, -0.16769, 0.25275
2015-12-30T03:25:16.729Z, -0.18887, -9.9473E-6, -0.16831, 0.25298
2015-12-30T03:25:20.529Z, -0.18863, -2.0606E-4, -0.16893, 0.25321
2015-12-30T03:25:24.329Z, -0.18838, -4.0451E-4, -0.16955, 0.25345
2015-12-30T03:25:28.129Z, -0.18813, -6.0554E-4, -0.17018, 0.25368
2015-12-30T03:25:31.929Z, -0.18787, -8.0895E-4, -0.1708, 0.25391
2015-12-30T03:25:35.729Z, -0.18761, -0.0010149, -0.17143, 0.25414
2015-12-30T03:25:39.529Z, -0.18734, -0.0012232, -0.17206, 0.25437
2015-12-30T03:25:43.329Z, -0.18707, -0.0014342, -0.17269, 0.2546
2015-12-30T03:25:47.129Z, -0.1868, -0.0016477, -0.17333, 0.25483
2015-12-30T03:25:50.929Z, -0.18652, -0.0018639, -0.17396, 0.25506
2015-12-30T03:25:54.729Z, -0.18623, -0.0020826, -0.1746, 0.25529
2015-12-30T03:25:58.529Z, -0.18594, -0.002304, -0.17524, 0.25552
2015-12-30T03:26:02.329Z, -0.18565, -0.0025281, -0.17588, 0.25575
2015-12-30T03:26:06.129Z, -0.18535, -0.0027548, -0.17652, 0.25597
2015-12-30T03:26:09.929Z, -0.18505, -0.0029844, -0.17717, 0.2562
2015-12-30T03:26:13.729Z, -0.18474, -0.0032166, -0.17782, 0.25643
2015-12-30T03:26:17.529Z, -0.18442, -0.0034516, -0.17846, 0.25666
2015-12-30T03:26:21.329Z, -0.1841, -0.0036896, -0.17911, 0.25688
2015-12-30T03:26:25.129Z, -0.18378, -0.0039303, -0.17977, 0.25711
2015-12-30T03:26:28.929Z, -0.18345, -0.0041738, -0.18042, 0.25733
2015-12-30T03:26:32.729Z, -0.18311, -0.0044203, -0.18108, 0.25756
2015-12-30T03:26:36.529Z, -0.18277, -0.0046697, -0.18173, 0.25779
2015-12-30T03:26:40.329Z, -0.18242, -0.0049222, -0.18239, 0.25801
2015-12-30T03:26:44.129Z, -0.18207, -0.0051775, -0.18305, 0.25823
2015-12-30T03:26:47.929Z, -0.18171, -0.0054359, -0.18372, 0.25846
2015-12-30T03:26:51.729Z, -0.18135, -0.0056973, -0.18438, 0.25868
2015-12-30T03:26:55.529Z, -0.18098, -0.0059619, -0.18505, 0.25891
2015-12-30T03:26:59.329Z, -0.18061, -0.0062296, -0.18571, 0.25913
2015-12-30T03:27:03.129Z, -0.18023, -0.0065004, -0.18638, 0.25935
2015-12-30T03:27:06.929Z, -0.17984, -0.0067744, -0.18706, 0.25958
2015-12-30T03:27:10.729Z, -0.17945, -0.0070517, -0.18773, 0.2598
2015-12-30T03:27:14.529Z, -0.17906, -0.0073321, -0.1884, 0.26002
2015-12-30T03:27:18.329Z, -0.17865, -0.0076157, -0.18908, 0.26024
2015-12-30T03:27:22.129Z, -0.17824, -0.0079029, -0.18976, 0.26046
2015-12-30T03:27:25.929Z, -0.17783, -0.0081933, -0.19044, 0.26069
2015-12-30T03:27:29.729Z, -0.17741, -0.0084871, -0.19112, 0.26091
2015-12-30T03:27:33.529Z, -0.17698, -0.0087843, -0.1918, 0.26113
2015-12-30T03:27:37.329Z, -0.17655, -0.009085, -0.19249, 0.26135
2015-12-30T03:27:41.129Z, -0.17611, -0.0093891, -0.19317, 0.26157
2015-12-30T03:27:44.929Z, -0.17567, -0.0096968, -0.19386, 0.26179
2015-12-30T03:27:48.729Z, -0.17521, -0.010008, -0.19455, 0.26201
2015-12-30T03:27:52.529Z, -0.17476, -0.010323, -0.19524, 0.26223
2015-12-30T03:27:56.329Z, -0.17429, -0.010641, -0.19593, 0.26245
2015-12-30T03:28:00.129Z, -0.17382, -0.010963, -0.19663, 0.26267
2015-12-30T03:28:03.929Z, -0.17334, -0.011289, -0.19732, 0.26289
2015-12-30T03:28:07.729Z, -0.17286, -0.011619, -0.19802, 0.26311
2015-12-30T03:28:11.529Z, -0.17237, -0.011952, -0.19872, 0.26333
2015-12-30T03:28:15.329Z, -0.17187, -0.012289, -0.19942, 0.26355
2015-12-30T03:28:19.129Z, -0.17137, -0.01263, -0.20012, 0.26377
2015-12-30T03:28:22.929Z, -0.17086, -0.012975, -0.20082, 0.26399
2015-12-30T03:28:26.729Z, -0.17034, -0.013324, -0.20152, 0.26421
2015-12-30T03:28:30.529Z, -0.16982, -0.013677, -0.20223, 0.26443
2015-12-30T03:28:34.329Z, -0.16929, -0.014033, -0.20294, 0.26465
2015-12-30T03:28:38.129Z, -0.16875, -0.014394, -0.20365, 0.26487
2015-12-30T03:28:41.929Z, -0.1682, -0.014759, -0.20436, 0.26509
2015-12-30T03:28:45.729Z, -0.16765, -0.015128, -0.20507, 0.26531
2015-12-30T03:28:49.529Z, -0.16709, -0.015501, -0.20578, 0.26553
2015-12-30T03:28:53.329Z, -0.16653, -0.015879, -0.20649, 0.26575
2015-12-30T03:28:57.129Z, -0.16595, -0.016261, -0.20721, 0.26597
2015-12-30T03:29:00.929Z, -0.16537, -0.016647, -0.20792, 0.26619
2015-12-30T03:29:04.729Z, -0.16478, -0.017037, -0.20864, 0.26641
2015-12-30T03:29:08.529Z, -0.16419, -0.017432, -0.20936, 0.26663
2015-12-30T03:29:12.329Z, -0.16358, -0.017831, -0.21008, 0.26685
2015-12-30T03:29:16.129Z, -0.16297, -0.018235, -0.2108, 0.26708
2015-12-30T03:29:19.929Z, -0.16235, -0.018643, -0.21152, 0.2673
2015-12-30T03:29:23.729Z, -0.16173, -0.019056, -0.21225, 0.26752
2015-12-30T03:29:27.529Z, -0.16109, -0.019473, -0.21297, 0.26774
2015-12-30T03:29:31.329Z, -0.16045, -0.019895, -0.2137, 0.26797
2015-12-30T03:29:35.129Z, -0.1598, -0.020322, -0.21442, 0.26819
2015-12-30T03:29:38.929Z, -0.15914, -0.020754, -0.21515, 0.26841
2015-12-30T03:29:42.729Z, -0.15848, -0.02119, -0.21588, 0.26864
2015-12-30T03:29:46.529Z, -0.1578, -0.021631, -0.21661, 0.26886
2015-12-30T03:29:50.329Z, -0.15712, -0.022077, -0.21734, 0.26909
2015-12-30T03:29:54.129Z, -0.15643, -0.022528, -0.21807, 0.26932
2015-12-30T03:29:57.929Z, -0.15573, -0.022984, -0.2188, 0.26954
2015-12-30T03:30:01.729Z, -0.15502, -0.023445, -0.21953, 0.26977
2015-12-30T03:30:05.529Z, -0.15431, -0.023912, -0.22027, 0.27
2015-12-30T03:30:09.329Z, -0.15358, -0.024383, -0.221, 0.27023
2015-12-30T03:30:13.129Z, -0.15285, -0.024859, -0.22174, 0.27046
2015-12-30T03:30:16.929Z, -0.15211, -0.025341, -0.22247, 0.27069
2015-12-30T03:30:20.729Z, -0.15136, -0.025828, -0.22321, 0.27092
2015-12-30T03:30:24.529Z, -0.1506, -0.026321, -0.22395, 0.27116
2015-12-30T03:30:28.329Z, -0.14983, -0.026819, -0.22469, 0.27139
2015-12-30T03:30:32.129Z, -0.14906, -0.027322, -0.22542, 0.27163
2015-12-30T03:30:35.929Z, -0.14827, -0.027831, -0.22616, 0.27186
2015-12-30T03:30:39.729Z, -0.14748, -0.028346, -0.2269, 0.2721
2015-12-30T03:30:43.529Z, -0.14667, -0.028866, -0.22764, 0.27234
2015-12-30T03:30:47.329Z, -0.14586, -0.029392, -0.22838, 0.27258
2015-12-30T03:30:51.129Z, -0.14504, -0.029923, -0.22913, 0.27282
2015-12-30T03:30:54.929Z, -0.1442, -0.030461, -0.22987, 0.27306
2015-12-30T03:30:58.729Z, -0.14336, -0.031004, -0.23061, 0.2733
2015-12-30T03:31:02.529Z, -0.14251, -0.031553, -0.23135, 0.27355
2015-12-30T03:31:06.329Z, -0.14165, -0.032109, -0.23209, 0.27379
2015-12-30T03:31:10.129Z, -0.14078, -0.03267, -0.23284, 0.27404
2015-12-30T03:31:13.929Z, -0.1399, -0.033237, -0.23358, 0.27429
2015-12-30T03:31:17.729Z, -0.13901, -0.033811, -0.23432, 0.27454
2015-12-30T03:31:21.529Z, -0.13811, -0.034391, -0.23507, 0.2748
2015-12-30T03:31:25.329Z, -0.1372, -0.034977, -0.23581, 0.27505
2015-12-30T03:31:29.129Z, -0.13628, -0.03557, -0.23655, 0.27531
2015-12-30T03:31:32.929Z, -0.13535, -0.036169, -0.2373, 0.27557
2015-12-30T03:31:36.729Z, -0.13441, -0.036774, -0.23804, 0.27583
2015-12-30T03:31:40.529Z, -0.13346, -0.037386, -0.23878, 0.27609
2015-12-30T03:31:44.329Z, -0.1325, -0.038005, -0.23952, 0.27636
2015-12-30T03:31:48.129Z, -0.13153, -0.03863, -0.24027, 0.27662
2015-12-30T03:31:51.929Z, -0.13055, -0.039263, -0.24101, 0.27689
2015-12-30T03:31:55.729Z, -0.12956, -0.039902, -0.24175, 0.27717
2015-12-30T03:31:59.529Z, -0.12855, -0.040548, -0.24249, 0.27744
2015-12-30T03:32:03.329Z, -0.12754, -0.041201, -0.24323, 0.27772
2015-12-30T03:32:07.129Z, -0.12651, -0.041861, -0.24397, 0.278
2015-12-30T03:32:10.929Z, -0.12548, -0.042528, -0.24472, 0.27828
2015-12-30T03:32:14.729Z, -0.12443, -0.043202, -0.24545, 0.27856
2015-12-30T03:32:18.529Z, -0.12337, -0.043884, -0.24619, 0.27885
2015-12-30T03:32:22.329Z, -0.1223, -0.044573, -0.24693, 0.27914
2015-12-30T03:32:26.129Z, -0.12122, -0.04527, -0.24767, 0.27944
2015-12-30T03:32:29.929Z, -0.12013, -0.045974, -0.24841, 0.27973
2015-12-30T03:32:33.729Z, -0.11903, -0.046685, -0.24914, 0.28003
2015-12-30T03:32:37.529Z, -0.11791, -0.047404, -0.24988, 0.28034
2015-12-30T03:32:41.329Z, -0.11678, -0.048132, -0.25061, 0.28064
2015-12-30T03:32:45.129Z, -0.11564, -0.048866, -0.25134, 0.28095
2015-12-30T03:32:48.929Z, -0.11449, -0.049609, -0.25207, 0.28127
2015-12-30T03:32:52.729Z, -0.11333, -0.05036, -0.2528, 0.28158
2015-12-30T03:32:56.529Z, -0.11216, -0.051119, -0.25353, 0.28191
2015-12-30T03:33:00.329Z, -0.11097, -0.051886, -0.25426, 0.28223
2015-12-30T03:33:04.129Z, -0.10977, -0.052662, -0.25499, 0.28256
2015-12-30T03:33:07.929Z, -0.10856, -0.053446, -0.25571, 0.28289
2015-12-30T03:33:11.729Z, -0.10733, -0.054238, -0.25643, 0.28323
2015-12-30T03:33:15.529Z, -0.1061, -0.055039, -0.25716, 0.28357
2015-12-30T03:33:19.329Z, -0.10485, -0.055848, -0.25787, 0.28392
2015-12-30T03:33:23.129Z, -0.10358, -0.056666, -0.25859, 0.28427
2015-12-30T03:33:26.929Z, -0.10231, -0.057493, -0.25931, 0.28463
2015-12-30T03:33:30.729Z, -0.10102, -0.05833, -0.26002, 0.28499
2015-12-30T03:33:34.529Z, -0.09972, -0.059174, -0.26073, 0.28536
2015-12-30T03:33:38.329Z, -0.098406, -0.060029, -0.26144, 0.28573
2015-12-30T03:33:42.129Z, -0.097078, -0.060892, -0.26215, 0.2861
2015-12-30T03:33:45.929Z, -0.095737, -0.061765, -0.26286, 0.28648
2015-12-30T03:33:49.729Z, -0.094383, -0.062647, -0.26356, 0.28687
2015-12-30T03:33:53.529Z, -0.093015, -0.063538, -0.26426, 0.28726
2015-12-30T03:33:57.329Z, -0.091633, -0.06444, -0.26495, 0.28766
2015-12-30T03:34:01.129Z, -0.090238, -0.065351, -0.26565, 0.28807
2015-12-30T03:34:04.929Z, -0.088829, -0.066272, -0.26634, 0.28848
2015-12-30T03:34:08.729Z, -0.087406, -0.067203, -0.26703, 0.2889
2015-12-30T03:34:12.529Z, -0.085968, -0.068144, -0.26771, 0.28932
2015-12-30T03:34:16.329Z, -0.084517, -0.069095, -0.2684, 0.28975
2015-12-30T03:34:20.129Z, -0.083051, -0.070057, -0.26908, 0.29019
2015-12-30T03:34:23.929Z, -0.081571, -0.071029, -0.26975, 0.29063
2015-12-30T03:34:27.729Z, -0.080076, -0.072011, -0.27042, 0.29108
2015-12-30T03:34:31.529Z, -0.078567, -0.073005, -0.27109, 0.29154
2015-12-30T03:34:35.329Z, -0.077043, -0.074009, -0.27176, 0.292
2015-12-30T03:34:39.129Z, -0.075504, -0.075024, -0.27242, 0.29248
2015-12-30T03:34:42.929Z, -0.07395, -0.07605, -0.27308, 0.29296
2015-12-30T03:34:46.729Z, -0.072382, -0.077088, -0.27373, 0.29344
2015-12-30T03:34:50.529Z, -0.070798, -0.078136, -0.27438, 0.29394
2015-12-30T03:34:54.329Z, -0.069199, -0.079197, -0.27502, 0.29445
2015-12-30T03:34:58.129Z, -0.067584, -0.080269, -0.27566, 0.29496
2015-12-30T03:35:01.929Z, -0.065954, -0.081352, -0.2763, 0.29548
2015-12-30T03:35:05.729Z, -0.064308, -0.082448, -0.27693, 0.29601
2015-12-30T03:35:09.529Z, -0.062647, -0.083555, -0.27755, 0.29655
2015-12-30T03:35:13.329Z, -0.06097, -0.084675, -0.27818, 0.2971
2015-12-30T03:35:17.129Z, -0.059277, -0.085807, -0.27879, 0.29766
2015-12-30T03:35:20.929Z, -0.057568, -0.086952, -0.2794, 0.29823
2015-12-30T03:35:24.729Z, -0.055842, -0.088109, -0.28001, 0.29881
2015-12-30T03:35:28.529Z, -0.054101, -0.089279, -0.2806, 0.29939
2015-12-30T03:35:32.329Z, -0.052343, -0.090463, -0.2812, 0.29999
2015-12-30T03:35:36.129Z, -0.050569, -0.091659, -0.28179, 0.3006
2015-12-30T03:35:39.929Z, -0.048778, -0.092868, -0.28237, 0.30122
2015-12-30T03:35:43.729Z, -0.046971, -0.094091, -0.28294, 0.30185
2015-12-30T03:35:47.529Z, -0.045147, -0.095328, -0.28351, 0.3025
2015-12-30T03:35:51.329Z, -0.043306, -0.096579, -0.28407, 0.30315
2015-12-30T03:35:55.129Z, -0.041448, -0.097843, -0.28463, 0.30381
2015-12-30T03:35:58.929Z, -0.039573, -0.099122, -0.28517, 0.30449
2015-12-30T03:36:02.729Z, -0.03768, -0.10042, -0.28572, 0.30518
2015-12-30T03:36:06.529Z, -0.035771, -0.10172, -0.28625, 0.30588
2015-12-30T03:36:10.329Z, -0.033844, -0.10305, -0.28677, 0.3066
2015-12-30T03:36:14.129Z, -0.0319, -0.10438, -0.28729, 0.30733
2015-12-30T03:36:17.929Z, -0.029938, -0.10574, -0.2878, 0.30807
2015-12-30T03:36:21.729Z, -0.027958, -0.1071, -0.2883, 0.30882
2015-12-30T03:36:25.529Z, -0.025961, -0.10849, -0.2888, 0.30959
2015-12-30T03:36:29.329Z, -0.023945, -0.10989, -0.28928, 0.31038
2015-12-30T03:36:33.129Z, -0.021912, -0.1113, -0.28976, 0.31117
2015-12-30T03:36:36.929Z, -0.019861, -0.11273, -0.29023, 0.31199
2015-12-30T03:36:40.729Z, -0.017791, -0.11418, -0.29068, 0.31281
2015-12-30T03:36:44.529Z, -0.015703, -0.11565, -0.29113, 0.31365
2015-12-30T03:36:48.329Z, -0.013597, -0.11713, -0.29157, 0.31451
2015-12-30T03:36:52.129Z, -0.011473, -0.11863, -0.292, 0.31539
2015-12-30T03:36:55.929Z, -0.0093298, -0.12014, -0.29242, 0.31628
2015-12-30T03:36:59.729Z, -0.0071682, -0.12168, -0.29283, 0.31718
2015-12-30T03:37:03.529Z, -0.004988, -0.12323, -0.29323, 0.31811
2015-12-30T03:37:07.329Z, -0.0027889, -0.1248, -0.29361, 0.31905
2015-12-30T03:37:11.129Z, -5.7096E-4, -0.12639, -0.29399, 0.32001
2015-12-30T03:37:14.929Z, 0.0016658, -0.12799, -0.29435, 0.32098
2015-12-30T03:37:18.729Z, 0.0039216, -0.12962, -0.29471, 0.32198
2015-12-30T03:37:22.529Z, 0.0061961, -0.13126, -0.29505, 0.32299
2015-12-30T03:37:26.329Z, 0.0084901, -0.13293, -0.29538, 0.32402
2015-12-30T03:37:30.129Z, 0.010803, -0.13461, -0.29569, 0.32507
2015-12-30T03:37:33.929Z, 0.013135, -0.13632, -0.296, 0.32614
2015-12-30T03:37:37.729Z, 0.015487, -0.13804, -0.29629, 0.32723
2015-12-30T03:37:41.529Z, 0.017858, -0.13979, -0.29656, 0.32834
2015-12-30T03:37:45.329Z, 0.020248, -0.14156, -0.29683, 0.32948
2015-12-30T03:37:49.129Z, 0.022657, -0.14334, -0.29708, 0.33063
2015-12-30T03:37:52.929Z, 0.025087, -0.14515, -0.29731, 0.3318
2015-12-30T03:37:56.729Z, 0.027535, -0.14699, -0.29753, 0.333
2015-12-30T03:38:00.529Z, 0.030004, -0.14884, -0.29774, 0.33422
2015-12-30T03:38:04.329Z, 0.032491, -0.15072, -0.29793, 0.33546
2015-12-30T03:38:08.129Z, 0.034999, -0.15262, -0.2981, 0.33672
2015-12-30T03:38:11.929Z, 0.037526, -0.15454, -0.29826, 0.33801
2015-12-30T03:38:15.729Z, 0.040072, -0.15649, -0.29841, 0.33932
2015-12-30T03:38:19.529Z, 0.042639, -0.15846, -0.29854, 0.34066
2015-12-30T03:38:23.329Z, 0.045225, -0.16045, -0.29865, 0.34202
2015-12-30T03:38:27.129Z, 0.04783, -0.16247, -0.29874, 0.34341
2015-12-30T03:38:30.929Z, 0.050456, -0.16452, -0.29881, 0.34482
2015-12-30T03:38:34.729Z, 0.053101, -0.16659, -0.29887, 0.34626
2015-12-30T03:38:38.529Z, 0.055765, -0.16869, -0.29891, 0.34773
2015-12-30T03:38:42.329Z, 0.058449, -0.17081, -0.29893, 0.34922
2015-12-30T03:38:46.129Z, 0.061153, -0.17296, -0.29894, 0.35074
2015-12-30T03:38:49.929Z, 0.063876, -0.17514, -0.29892, 0.35229
2015-12-30T03:38:53.729Z, 0.06662, -0.17735, -0.29888, 0.35386
2015-12-30T03:38:57.529Z, 0.069382, -0.17958, -0.29883, 0.35547
2015-12-30T03:39:01.329Z, 0.072164, -0.18184, -0.29875, 0.35711
2015-12-30T03:39:05.129Z, 0.074965, -0.18414, -0.29865, 0.35877
2015-12-30T03:39:08.929Z, 0.077785, -0.18646, -0.29853, 0.36047
2015-12-30T03:39:12.729Z, 0.080625, -0.18881, -0.29839, 0.3622
2015-12-30T03:39:16.529Z, 0.083484, -0.1912, -0.29823, 0.36396
2015-12-30T03:39:20.329Z, 0.086361, -0.19361, -0.29804, 0.36575
2015-12-30T03:39:24.129Z, 0.089258, -0.19606, -0.29783, 0.36757
2015-12-30T03:39:27.929Z, 0.092174, -0.19853, -0.2976, 0.36943
2015-12-30T03:39:31.729Z, 0.095109, -0.20105, -0.29735, 0.37132
2015-12-30T03:39:35.529Z, 0.098062, -0.20359, -0.29707, 0.37325
2015-12-30T03:39:39.329Z, 0.10103, -0.20617, -0.29676, 0.37521
2015-12-30T03:39:43.129Z, 0.10402, -0.20878, -0.29643, 0.37721
2015-12-30T03:39:46.929Z, 0.10703, -0.21143, -0.29608, 0.37924
2015-12-30T03:39:50.729Z, 0.11006, -0.21412, -0.2957, 0.38131
2015-12-30T03:39:54.529Z, 0.1131, -0.21684, -0.29529, 0.38342
2015-12-30T03:39:58.329Z, 0.11616, -0.21959, -0.29486, 0.38556
2015-12-30T03:40:02.129Z, 0.11924, -0.22239, -0.2944, 0.38775
2015-12-30T03:40:05.929Z, 0.12234, -0.22522, -0.29391, 0.38997
2015-12-30T03:40:09.729Z, 0.12546, -0.22809, -0.2934, 0.39223
2015-12-30T03:40:13.529Z, 0.12859, -0.23101, -0.29285, 0.39454
2015-12-30T03:40:17.329Z, 0.13173, -0.23396, -0.29228, 0.39688
2015-12-30T03:40:21.129Z, 0.1349, -0.23695, -0.29167, 0.39927
2015-12-30T03:40:24.929Z, 0.13808, -0.23998, -0.29104, 0.4017
2015-12-30T03:40:28.729Z, 0.14128, -0.24306, -0.29038, 0.40417
2015-12-30T03:40:32.529Z, 0.14449, -0.24618, -0.28968, 0.40669
2015-12-30T03:40:36.329Z, 0.14772, -0.24934, -0.28895, 0.40925
2015-12-30T03:40:40.129Z, 0.15096, -0.25255, -0.2882, 0.41186
2015-12-30T03:40:43.929Z, 0.15422, -0.25581, -0.2874, 0.41451
2015-12-30T03:40:47.729Z, 0.15749, -0.25911, -0.28658, 0.41721
2015-12-30T03:40:51.529Z, 0.16077, -0.26245, -0.28572, 0.41996
2015-12-30T03:40:55.329Z, 0.16408, -0.26585, -0.28483, 0.42276
2015-12-30T03:40:59.129Z, 0.16739, -0.26929, -0.2839, 0.4256
2015-12-30T03:41:02.929Z, 0.17072, -0.27278, -0.28294, 0.4285
2015-12-30T03:41:06.729Z, 0.17406, -0.27632, -0.28194, 0.43144
2015-12-30T03:41:10.529Z, 0.17741, -0.27992, -0.28091, 0.43444
2015-12-30T03:41:14.329Z, 0.18077, -0.28356, -0.27984, 0.43749
2015-12-30T03:41:18.129Z, 0.18415, -0.28726, -0.27873, 0.44059
2015-12-30T03:41:21.929Z, 0.18754, -0.29101, -0.27759, 0.44375
2015-12-30T03:41:25.729Z, 0.19093, -0.29482, -0.2764, 0.44696
2015-12-30T03:41:29.529Z, 0.19434, -0.29868, -0.27518, 0.45022
2015-12-30T03:41:33.329Z, 0.19776, -0.3026, -0.27392, 0.45355
2015-12-30T03:41:37.129Z, 0.20119, -0.30657, -0.27261, 0.45693
2015-12-30T03:41:40.929Z, 0.20462, -0.31061, -0.27127, 0.46036
2015-12-30T03:41:44.729Z, 0.20806, -0.3147, -0.26989, 0.46386
2015-12-30T03:41:48.529Z, 0.21152, -0.31885, -0.26846, 0.46742
2015-12-30T03:41:52.329Z, 0.21497, -0.32307, -0.26699, 0.47103
2015-12-30T03:41:56.129Z, 0.21844, -0.32735, -0.26548, 0.47471
2015-12-30T03:41:59.929Z, 0.22191, -0.33169, -0.26393, 0.47846
2015-12-30T03:42:03.729Z, 0.22539, -0.3361, -0.26233, 0.48226
2015-12-30T03:42:07.529Z, 0.22887, -0.34057, -0.26068, 0.48613
2015-12-30T03:42:11.329Z, 0.23235, -0.34511, -0.25899, 0.49006
2015-12-30T03:42:15.129Z, 0.23584, -0.34971, -0.25726, 0.49406
2015-12-30T03:42:18.929Z, 0.23933, -0.35439, -0.25547, 0.49813
2015-12-30T03:42:22.729Z, 0.24282, -0.35913, -0.25365, 0.50227
2015-12-30T03:42:26.529Z, 0.24631, -0.36395, -0.25177, 0.50647
2015-12-30T03:42:30.329Z, 0.24981, -0.36884, -0.24984, 0.51075
2015-12-30T03:42:34.129Z, 0.2533, -0.3738, -0.24787, 0.5151
2015-12-30T03:42:37.929Z, 0.25679, -0.37884, -0.24584, 0.51952
2015-12-30T03:42:41.729Z, 0.26028, -0.38395, -0.24377, 0.52401
2015-12-30T03:42:45.529Z, 0.26377, -0.38914, -0.24164, 0.52857
2015-12-30T03:42:49.329Z, 0.26725, -0.3944, -0.23946, 0.53321
2015-12-30T03:42:53.129Z, 0.27073, -0.39975, -0.23723, 0.53793
2015-12-30T03:42:56.929Z, 0.2742, -0.40518, -0.23495, 0.54273
2015-12-30T03:43:00.729Z, 0.27766, -0.41068, -0.23261, 0.5476
2015-12-30T03:43:04.529Z, 0.28112, -0.41627, -0.23022, 0.55255
2015-12-30T03:43:08.329Z, 0.28457, -0.42195, -0.22777, 0.55758
2015-12-30T03:43:12.129Z, 0.28801, -0.42771, -0.22527, 0.5627
2015-12-30T03:43:15.929Z, 0.29143, -0.43356, -0.22271, 0.5679
2015-12-30T03:43:19.729Z, 0.29485, -0.43949, -0.2201, 0.57318
2015-12-30T03:43:23.529Z, 0.29825, -0.44552, -0.21742, 0.57854
2015-12-30T03:43:27.329Z, 0.30164, -0.45163, -0.21469, 0.58399
2015-12-30T03:43:31.129Z, 0.30501, -0.45784, -0.2119, 0.58953
2015-12-30T03:43:34.929Z, 0.30836, -0.46414, -0.20905, 0.59515
2015-12-30T03:43:38.729Z, 0.3117, -0.47053, -0.20613, 0.60087
2015-12-30T03:43:42.529Z, 0.31501, -0.47702, -0.20316, 0.60667
2015-12-30T03:43:46.329Z, 0.31831, -0.4836, -0.20013, 0.61257
2015-12-30T03:43:50.129Z, 0.32158, -0.49028, -0.19703, 0.61856
2015-12-30T03:43:53.929Z, 0.32483, -0.49706, -0.19387, 0.62464
2015-12-30T03:43:57.729Z, 0.32805, -0.50395, -0.19064, 0.63081
2015-12-30T03:44:01.529Z, 0.33124, -0.51093, -0.18735, 0.63708
2015-12-30T03:44:05.329Z, 0.33441, -0.51801, -0.184, 0.64345
2015-12-30T03:44:09.129Z, 0.33755, -0.52521, -0.18057, 0.64991
2015-12-30T03:44:12.929Z, 0.34065, -0.5325, -0.17709, 0.65647
2015-12-30T03:44:16.729Z, 0.34372, -0.5399, -0.17353, 0.66314
2015-12-30T03:44:20.529Z, 0.34675, -0.54741, -0.16991, 0.6699
2015-12-30T03:44:24.329Z, 0.34975, -0.55503, -0.16622, 0.67676
2015-12-30T03:44:28.129Z, 0.35271, -0.56276, -0.16245, 0.68373
2015-12-30T03:44:31.929Z, 0.35562, -0.5706, -0.15862, 0.6908
2015-12-30T03:44:35.729Z, 0.35849, -0.57855, -0.15472, 0.69798
2015-12-30T03:44:39.529Z, 0.36132, -0.58661, -0.15075, 0.70526
2015-12-30T03:44:43.329Z, 0.3641, -0.59479, -0.14671, 0.71265
2015-12-30T03:44:47.129Z, 0.36683, -0.60308, -0.14259, 0.72014
2015-12-30T03:44:50.929Z, 0.36951, -0.6115, -0.1384, 0.72775
2015-12-30T03:44:54.729Z, 0.37213, -0.62002, -0.13414, 0.73546
2015-12-30T03:44:58.529Z, 0.3747, -0.62867, -0.12981, 0.74329
2015-12-30T03:45:02.329Z, 0.37721, -0.63744, -0.1254, 0.75122
2015-12-30T03:45:06.129Z, 0.37965, -0.64632, -0.12091, 0.75927
2015-12-30T03:45:09.929Z, 0.38204, -0.65533, -0.11636, 0.76743
2015-12-30T03:45:13.729Z, 0.38435, -0.66446, -0.11172, 0.77571
2015-12-30T03:45:17.529Z, 0.3866, -0.67372, -0.10702, 0.7841
2015-12-30T03:45:21.329Z, 0.38878, -0.68309, -0.10223, 0.7926
2015-12-30T03:45:25.129Z, 0.39088, -0.6926, -0.097373, 0.80122
2015-12-30T03:45:28.929Z, 0.3929, -0.70223, -0.092439, 0.80996
2015-12-30T03:45:32.729Z, 0.39485, -0.71198, -0.08743, 0.81882
2015-12-30T03:45:36.529Z, 0.39671, -0.72186, -0.082345, 0.82779
2015-12-30T03:45:40.329Z, 0.39848, -0.73187, -0.077183, 0.83689
2015-12-30T03:45:44.129Z, 0.40017, -0.742, -0.071947, 0.8461
2015-12-30T03:45:47.929Z, 0.40177, -0.75227, -0.066635, 0.85544
2015-12-30T03:45:51.729Z, 0.40327, -0.76266, -0.061248, 0.86489
2015-12-30T03:45:55.529Z, 0.40468, -0.77319, -0.055786, 0.87447
2015-12-30T03:45:59.329Z, 0.40598, -0.78384, -0.05025, 0.88417
2015-12-30T03:46:03.129Z, 0.40718, -0.79462, -0.044641, 0.89399
2015-12-30T03:46:06.929Z, 0.40828, -0.80554, -0.038957, 0.90394
2015-12-30T03:46:10.729Z, 0.40926, -0.81658, -0.033202, 0.91401
2015-12-30T03:46:14.529Z, 0.41013, -0.82776, -0.027375, 0.9242
2015-12-30T03:46:18.329Z, 0.41089, -0.83907, -0.021476, 0.93452
2015-12-30T03:46:22.129Z, 0.41152, -0.85051, -0.015507, 0.94496
2015-12-30T03:46:25.929Z, 0.41204, -0.86207, -0.0094693, 0.95553
2015-12-30T03:46:29.729Z, 0.41242, -0.87377, -0.0033645, 0.96622
2015-12-30T03:46:33.529Z, 0.41268, -0.88561, 0.0028084, 0.97704
2015-12-30T03:46:37.329Z, 0.41281, -0.89757, 0.0090468, 0.98799
2015-12-30T03:46:41.129Z, 0.4128, -0.90966, 0.015348, 0.99906
2015-12-30T03:46:44.929Z, 0.41265, -0.92189, 0.021712, 1.0103
2015-12-30T03:46:48.729Z, 0.41237, -0.93424, 0.028137, 1.0216
2015-12-30T03:46:52.529Z, 0.41193, -0.94673, 0.034621, 1.033
2015-12-30T03:46:56.329Z, 0.41136, -0.95934, 0.041162, 1.0446
2015-12-30T03:47:00.129Z, 0.41063, -0.97208, 0.047757, 1.0563
2015-12-30T03:47:03.929Z, 0.40974, -0.98496, 0.054408, 1.0682
2015-12-30T03:47:07.729Z, 0.40871, -0.99796, 0.061107, 1.0801
2015-12-30T03:47:11.529Z, 0.40751, -1.0111, 0.067857, 1.0922
2015-12-30T03:47:15.329Z, 0.40615, -1.0243, 0.074652, 1.1044
2015-12-30T03:47:19.129Z, 0.40464, -1.0377, 0.08149, 1.1168
2015-12-30T03:47:22.929Z, 0.40295, -1.0512, 0.08837, 1.1293
2015-12-30T03:47:26.729Z, 0.4011, -1.0649, 0.095288, 1.1419
2015-12-30T03:47:30.529Z, 0.39908, -1.0786, 0.10224, 1.1546
2015-12-30T03:47:34.329Z, 0.39689, -1.0925, 0.10923, 1.1675
2015-12-30T03:47:38.129Z, 0.39452, -1.1065, 0.11625, 1.1805
2015-12-30T03:47:41.929Z, 0.39198, -1.1206, 0.12329, 1.1936
2015-12-30T03:47:45.729Z, 0.38927, -1.1348, 0.13036, 1.2068
2015-12-30T03:47:49.529Z, 0.38638, -1.1492, 0.13745, 1.2202
2015-12-30T03:47:53.329Z, 0.38331, -1.1637, 0.14456, 1.2337
2015-12-30T03:47:57.129Z, 0.38006, -1.1783, 0.15168, 1.2473
2015-12-30T03:48:00.929Z, 0.37664, -1.193, 0.15881, 1.2611
2015-12-30T03:48:04.729Z, 0.37303, -1.2078, 0.16596, 1.2749
2015-12-30T03:48:08.529Z, 0.36925, -1.2227, 0.17311, 1.289
2015-12-30T03:48:12.329Z, 0.36529, -1.2378, 0.18026, 1.3031
2015-12-30T03:48:16.129Z, 0.36114, -1.253, 0.18742, 1.3174
2015-12-30T03:48:19.929Z, 0.35682, -1.2682, 0.19457, 1.3318
2015-12-30T03:48:23.729Z, 0.35233, -1.2836, 0.20171, 1.3463
2015-12-30T03:48:27.529Z, 0.34766, -1.2991, 0.20885, 1.3609
2015-12-30T03:48:31.329Z, 0.34282, -1.3147, 0.21598, 1.3757
2015-12-30T03:48:35.129Z, 0.3378, -1.3304, 0.2231, 1.3906
2015-12-30T03:48:38.929Z, 0.33262, -1.3462, 0.2302, 1.4056
2015-12-30T03:48:42.729Z, 0.32726, -1.3621, 0.23729, 1.4208
2015-12-30T03:48:46.529Z, 0.32174, -1.378, 0.24436, 1.436
2015-12-30T03:48:50.329Z, 0.31606, -1.3941, 0.25141, 1.4515
2015-12-30T03:48:54.129Z, 0.31021, -1.4103, 0.25845, 1.467
2015-12-30T03:48:57.929Z, 0.30421, -1.4266, 0.26547, 1.4826
2015-12-30T03:49:01.729Z, 0.29806, -1.443, 0.27246, 1.4984
2015-12-30T03:49:05.529Z, 0.29175, -1.4594, 0.27944, 1.5143
2015-12-30T03:49:09.329Z, 0.28529, -1.476, 0.28641, 1.5303
2015-12-30T03:49:13.129Z, 0.27868, -1.4926, 0.29336, 1.5465
2015-12-30T03:49:16.929Z, 0.27194, -1.5093, 0.30029, 1.5628
2015-12-30T03:49:20.729Z, 0.26506, -1.5261, 0.30721, 1.5791
2015-12-30T03:49:24.529Z, 0.25804, -1.543, 0.31413, 1.5957
2015-12-30T03:49:28.329Z, 0.25089, -1.56, 0.32104, 1.6123
2015-12-30T03:49:32.129Z, 0.2436, -1.577, 0.32795, 1.629
2015-12-30T03:49:35.929Z, 0.2362, -1.5941, 0.33486, 1.6459
2015-12-30T03:49:39.729Z, 0.22865, -1.6112, 0.34179, 1.6629
2015-12-30T03:49:43.529Z, 0.221, -1.6284, 0.34874, 1.68
2015-12-30T03:49:47.329Z, 0.21321, -1.6457, 0.3557, 1.6972
2015-12-30T03:49:51.129Z, 0.20531, -1.663, 0.3627, 1.7145
2015-12-30T03:49:54.929Z, 0.19728, -1.6804, 0.36975, 1.7319
2015-12-30T03:49:58.729Z, 0.18913, -1.6978, 0.37684, 1.7494
2015-12-30T03:50:02.529Z, 0.18086, -1.7153, 0.38399, 1.767
2015-12-30T03:50:06.329Z, 0.17245, -1.7328, 0.39121, 1.7848
2015-12-30T03:50:10.129Z, 0.16393, -1.7503, 0.39851, 1.8026
2015-12-30T03:50:13.929Z, 0.15526, -1.7679, 0.4059, 1.8205
2015-12-30T03:50:17.729Z, 0.14647, -1.7854, 0.4134, 1.8385
2015-12-30T03:50:21.529Z, 0.13752, -1.803, 0.42102, 1.8566
2015-12-30T03:50:25.329Z, 0.12842, -1.8205, 0.42877, 1.8747
2015-12-30T03:50:29.129Z, 0.11916, -1.8381, 0.43666, 1.893
2015-12-30T03:50:32.929Z, 0.10972, -1.8556, 0.44472, 1.9113
2015-12-30T03:50:36.729Z, 0.1001, -1.8731, 0.45295, 1.9297
2015-12-30T03:50:40.529Z, 0.09027, -1.8905, 0.46136, 1.9481
2015-12-30T03:50:44.329Z, 0.080226, -1.9079, 0.46998, 1.9666
2015-12-30T03:50:48.129Z, 0.069957, -1.9253, 0.47882, 1.9852
2015-12-30T03:50:51.929Z, 0.059421, -1.9425, 0.4879, 2.0037
2015-12-30T03:50:55.729Z, 0.048611, -1.9597, 0.49722, 2.0224
2015-12-30T03:50:59.529Z, 0.037495, -1.9768, 0.5068, 2.041
2015-12-30T03:51:03.329Z, 0.026061, -1.9937, 0.51666, 2.0597
2015-12-30T03:51:07.129Z, 0.014267, -2.0105, 0.52681, 2.0784
2015-12-30T03:51:10.929Z, 0.0020890, -2.0271, 0.53726, 2.0971
2015-12-30T03:51:14.729Z, -0.010514, -2.0436, 0.54802, 2.1158
2015-12-30T03:51:18.529Z, -0.02357, -2.0599, 0.55911, 2.1345
2015-12-30T03:51:22.329Z, -0.037132, -2.076, 0.57052, 2.1532
2015-12-30T03:51:26.129Z, -0.051207, -2.0918, 0.58227, 2.1719
2015-12-30T03:51:29.929Z, -0.065861, -2.1074, 0.59437, 2.1906
2015-12-30T03:51:33.729Z, -0.08114, -2.1227, 0.60681, 2.2092
2015-12-30T03:51:37.529Z, -0.09708, -2.1377, 0.6196, 2.2278
2015-12-30T03:51:41.329Z, -0.11372, -2.1524, 0.63273, 2.2463
2015-12-30T03:51:45.129Z, -0.13114, -2.1667, 0.64621, 2.2648
2015-12-30T03:51:48.929Z, -0.14937, -2.1807, 0.66003, 2.2833
2015-12-30T03:51:52.729Z, -0.16846, -2.1942, 0.67417, 2.3016
2015-12-30T03:51:56.529Z, -0.18848, -2.2073, 0.68862, 2.3199
2015-12-30T03:52:00.329Z, -0.20947, -2.22, 0.70337, 2.3382
2015-12-30T03:52:04.129Z, -0.23151, -2.2322, 0.7184, 2.3563
2015-12-30T03:52:07.929Z, -0.25463, -2.2438, 0.73369, 2.3744
2015-12-30T03:52:11.729Z, -0.27889, -2.255, 0.7492, 2.3925
2015-12-30T03:52:15.529Z, -0.30436, -2.2655, 0.76491, 2.4104
2015-12-30T03:52:19.329Z, -0.3311, -2.2754, 0.78079, 2.4283
2015-12-30T03:52:23.129Z, -0.35917, -2.2847, 0.79678, 2.4462
2015-12-30T03:52:26.929Z, -0.38859, -2.2933, 0.81285, 2.4639
2015-12-30T03:52:30.729Z, -0.41947, -2.3012, 0.82895, 2.4817
2015-12-30T03:52:34.529Z, -0.45181, -2.3084, 0.84503, 2.4994
2015-12-30T03:52:38.329Z, -0.48571, -2.3148, 0.86103, 2.517
2015-12-30T03:52:42.129Z, -0.52118, -2.3204, 0.87689, 2.5347
2015-12-30T03:52:45.929Z, -0.55829, -2.3252, 0.89253, 2.5524
2015-12-30T03:52:49.729Z, -0.59707, -2.3291, 0.9079, 2.5701
2015-12-30T03:52:53.529Z, -0.63755, -2.3321, 0.92292, 2.5878
2015-12-30T03:52:57.329Z, -0.67978, -2.3342, 0.93751, 2.6057
2015-12-30T03:53:01.129Z, -0.7238, -2.3353, 0.95158, 2.6236
2015-12-30T03:53:04.929Z, -0.76961, -2.3355, 0.96505, 2.6416
2015-12-30T03:53:08.729Z, -0.81725, -2.3347, 0.97783, 2.6598
2015-12-30T03:53:12.529Z, -0.86671, -2.3328, 0.98983, 2.6782
2015-12-30T03:53:16.329Z, -0.91804, -2.3299, 1.0009, 2.6969
2015-12-30T03:53:20.129Z, -0.97119, -2.3259, 1.0111, 2.7158
2015-12-30T03:53:23.929Z, -1.0262, -2.3209, 1.0202, 2.735
2015-12-30T03:53:27.729Z, -1.083, -2.3147, 1.028, 2.7545
2015-12-30T03:53:31.529Z, -1.1416, -2.3074, 1.0346, 2.7745
2015-12-30T03:53:35.329Z, -1.202, -2.2989, 1.0399, 2.7948
2015-12-30T03:53:39.129Z, -1.2641, -2.2893, 1.0436, 2.8157
2015-12-30T03:53:42.929Z, -1.3279, -2.2785, 1.0457, 2.837
2015-12-30T03:53:46.729Z, -1.3934, -2.2666, 1.0462, 2.8589
2015-12-30T03:53:50.529Z, -1.4604, -2.2535, 1.0448, 2.8814
2015-12-30T03:53:54.329Z, -1.5289, -2.2392, 1.0416, 2.9045
2015-12-30T03:53:58.129Z, -1.5988, -2.2237, 1.0363, 2.9283
2015-12-30T03:54:01.929Z, -1.6701, -2.2071, 1.029, 2.9528
2015-12-30T03:54:05.729Z, -1.7426, -2.1893, 1.0195, 2.9781
2015-12-30T03:54:09.529Z, -1.8163, -2.1703, 1.0077, 3.0041
2015-12-30T03:54:13.329Z, -1.891, -2.1501, 0.99361, 3.0309
2015-12-30T03:54:17.129Z, -1.9666, -2.1289, 0.97708, 3.0585
2015-12-30T03:54:20.929Z, -2.043, -2.1065, 0.95807, 3.0869
2015-12-30T03:54:24.729Z, -2.12, -2.083, 0.9365, 3.1161
2015-12-30T03:54:28.529Z, -2.1975, -2.0584, 0.91234, 3.1462
2015-12-30T03:54:32.329Z, -2.2754, -2.0327, 0.88552, 3.1771
2015-12-30T03:54:36.129Z, -2.3535, -2.0061, 0.85602, 3.2087
2015-12-30T03:54:39.929Z, -2.4317, -1.9784, 0.8238, 3.2412
2015-12-30T03:54:43.729Z, -2.5097, -1.9497, 0.78884, 3.2745
2015-12-30T03:54:47.529Z, -2.5875, -1.92, 0.75112, 3.3085
2015-12-30T03:54:51.329Z, -2.6649, -1.8895, 0.71064, 3.3432
2015-12-30T03:54:55.129Z, -2.7417, -1.858, 0.66742, 3.3785
2015-12-30T03:54:58.929Z, -2.8177, -1.8257, 0.62147, 3.4145
2015-12-30T03:55:02.729Z, -2.8927, -1.7926, 0.5728, 3.451
2015-12-30T03:55:06.529Z, -2.9667, -1.7587, 0.52146, 3.488
2015-12-30T03:55:10.329Z, -3.0395, -1.724, 0.46749, 3.5255
2015-12-30T03:55:14.129Z, -3.1108, -1.6886, 0.41095, 3.5633
2015-12-30T03:55:17.929Z, -3.1805, -1.6526, 0.35188, 3.6014
2015-12-30T03:55:21.729Z, -3.2485, -1.6159, 0.29038, 3.6398
2015-12-30T03:55:25.529Z, -3.3146, -1.5786, 0.22652, 3.6783
2015-12-30T03:55:29.329Z, -3.3787, -1.5408, 0.16039, 3.7169
2015-12-30T03:55:33.129Z, -3.4406, -1.5024, 0.092089, 3.7555
2015-12-30T03:55:36.929Z, -3.5002, -1.4635, 0.021701, 3.794
2015-12-30T03:55:40.729Z, -3.5575, -1.4242, -0.050647, 3.8323
2015-12-30T03:55:44.529Z, -3.6121, -1.3845, -0.12486, 3.8704
2015-12-30T03:55:48.329Z, -3.6642, -1.3444, -0.20081, 3.9082
2015-12-30T03:55:52.129Z, -3.7135, -1.304, -0.27836, 3.9456
2015-12-30T03:55:55.929Z, -3.76, -1.2633, -0.35742, 3.9826
2015-12-30T03:55:59.729Z, -3.8036, -1.2223, -0.43784, 4.0191
2015-12-30T03:56:03.529Z, -3.8443, -1.1811, -0.5195, 4.055
2015-12-30T03:56:07.329Z, -3.8819, -1.1397, -0.60228, 4.0903
2015-12-30T03:56:11.129Z, -3.9164, -1.0981, -0.68605, 4.1249
2015-12-30T03:56:14.929Z, -3.9479, -1.0565, -0.77069, 4.1588
2015-12-30T03:56:18.729Z, -3.9762, -1.0147, -0.85607, 4.1919
2015-12-30T03:56:22.529Z, -4.0013, -0.97286, -0.94208, 4.2242
2015-12-30T03:56:26.329Z, -4.0232, -0.931, -1.0286, 4.2557
2015-12-30T03:56:30.129Z, -4.042, -0.88917, -1.1155, 4.2863
2015-12-30T03:56:33.929Z, -4.0575, -0.84736, -1.2028, 4.316
2015-12-30T03:56:37.729Z, -4.0699, -0.80564, -1.2902, 4.3448
2015-12-30T03:56:41.529Z, -4.0791, -0.76401, -1.3777, 4.3727
2015-12-30T03:56:45.329Z, -4.0851, -0.72252, -1.4653, 4.3997
2015-12-30T03:56:49.129Z, -4.0879, -0.6812, -1.5528, 4.4257
2015-12-30T03:56:52.929Z, -4.0877, -0.64005, -1.6402, 4.4507
2015-12-30T03:56:56.729Z, -4.0843, -0.59912, -1.7274, 4.4748
2015-12-30T03:57:00.529Z, -4.0778, -0.55843, -1.8144, 4.498
2015-12-30T03:57:04.329Z, -4.0682, -0.518, -1.9011, 4.5202
2015-12-30T03:57:08.129Z, -4.0555, -0.47783, -1.9874, 4.5415
2015-12-30T03:57:11.929Z, -4.0398, -0.43795, -2.0733, 4.5619
2015-12-30T03:57:15.729Z, -4.0211, -0.39838, -2.1589, 4.5813
2015-12-30T03:57:19.529Z, -3.9993, -0.3591, -2.2439, 4.5999
2015-12-30T03:57:23.329Z, -3.9745, -0.32016, -2.3285, 4.6175
2015-12-30T03:57:27.129Z, -3.9467, -0.28152, -2.4126, 4.6343
2015-12-30T03:57:30.929Z, -3.9158, -0.24319, -2.4962, 4.6502
2015-12-30T03:57:34.729Z, -3.8819, -0.20516, -2.5793, 4.6652
2015-12-30T03:57:38.529Z, -3.8449, -0.16741, -2.6618, 4.6793
2015-12-30T03:57:42.329Z, -3.8047, -0.12993, -2.7437, 4.6926
2015-12-30T03:57:46.129Z, -3.7615, -0.092707, -2.825, 4.7051
2015-12-30T03:57:49.929Z, -3.715, -0.055687, -2.9057, 4.7167
2015-12-30T03:57:53.729Z, -3.6654, -0.01885, -2.9857, 4.7276
2015-12-30T03:57:57.529Z, -3.6124, 0.017849, -3.0651, 4.7376
2015-12-30T03:58:01.329Z, -3.5562, 0.054453, -3.1437, 4.7468
2015-12-30T03:58:05.129Z, -3.4965, 0.091023, -3.2215, 4.7552
2015-12-30T03:58:08.929Z, -3.4334, 0.12761, -3.2985, 4.7629
2015-12-30T03:58:12.729Z, -3.3668, 0.16426, -3.3746, 4.7697
2015-12-30T03:58:16.529Z, -3.2966, 0.20106, -3.4497, 4.7758
2015-12-30T03:58:20.329Z, -3.2228, 0.23807, -3.5237, 4.7812
2015-12-30T03:58:24.129Z, -3.1452, 0.27536, -3.5966, 4.7858
2015-12-30T03:58:27.929Z, -3.0639, 0.313, -3.6681, 4.7897
2015-12-30T03:58:31.729Z, -2.9788, 0.35107, -3.7383, 4.7928
2015-12-30T03:58:35.529Z, -2.8897, 0.38965, -3.8069, 4.7953
2015-12-30T03:58:39.329Z, -2.7968, 0.4288, -3.8738, 4.7971
2015-12-30T03:58:43.129Z, -2.6999, 0.4686, -3.9388, 4.7983
2015-12-30T03:58:46.929Z, -2.5991, 0.50912, -4.0018, 4.7988
2015-12-30T03:58:50.729Z, -2.4943, 0.55042, -4.0625, 4.7988
2015-12-30T03:58:54.529Z, -2.3856, 0.59255, -4.1208, 4.7983
2015-12-30T03:58:58.329Z, -2.273, 0.63559, -4.1765, 4.7972
2015-12-30T03:59:02.129Z, -2.1566, 0.67954, -4.2292, 4.7957
2015-12-30T03:59:05.929Z, -2.0364, 0.72446, -4.279, 4.7939
2015-12-30T03:59:09.729Z, -1.9126, 0.77037, -4.3254, 4.7917
2015-12-30T03:59:13.529Z, -1.7853, 0.81726, -4.3683, 4.7893
2015-12-30T03:59:17.329Z, -1.6546, 0.86513, -4.4075, 4.7867
2015-12-30T03:59:21.129Z, -1.5207, 0.91396, -4.4428, 4.784
2015-12-30T03:59:24.929Z, -1.3839, 0.96371, -4.474, 4.7812
2015-12-30T03:59:28.729Z, -1.2442, 1.0143, -4.5009, 4.7786
2015-12-30T03:59:32.529Z, -1.1021, 1.0658, -4.5233, 4.776
2015-12-30T03:59:36.329Z, -0.95759, 1.1179, -4.5411, 4.7737
2015-12-30T03:59:40.129Z, -0.8111, 1.1707, -4.5542, 4.7717
2015-12-30T03:59:43.929Z, -0.66285, 1.224, -4.5625, 4.7701
2015-12-30T03:59:47.729Z, -0.51312, 1.2777, -4.5659, 4.7689
2015-12-30T03:59:51.529Z, -0.36219, 1.3316, -4.5642, 4.7683
2015-12-30T03:59:55.329Z, -0.21034, 1.3857, -4.5575, 4.7681
2015-12-30T03:59:59.129Z, -0.05785, 1.4397, -4.5457, 4.7686
2015-12-30T04:00:02.929Z, 0.094993, 1.4936, -4.5288, 4.7696
2015-12-30T04:00:06.729Z, 0.24791, 1.5471, -4.5067, 4.7713
2015-12-30T04:00:10.529Z, 0.40066, 1.6002, -4.4795, 4.7735
2015-12-30T04:00:14.329Z, 0.55294, 1.6526, -4.4471, 4.7763
2015-12-30T04:00:18.129Z, 0.70453, 1.7043, -4.4095, 4.7796
2015-12-30T04:00:21.929Z, 0.85514, 1.755, -4.3667, 4.7833
2015-12-30T04:00:25.729Z, 1.0045, 1.8047, -4.3188, 4.7873
2015-12-30T04:00:29.529Z, 1.1524, 1.8533, -4.2656, 4.7914
2015-12-30T04:00:33.329Z, 1.2985, 1.9005, -4.2071, 4.7956
2015-12-30T04:00:37.129Z, 1.4426, 1.9464, -4.1432, 4.7996
2015-12-30T04:00:40.929Z, 1.5843, 1.9908, -4.074, 4.8032
2015-12-30T04:00:44.729Z, 1.7233, 2.0336, -3.9993, 4.8062
2015-12-30T04:00:48.529Z, 1.8593, 2.0749, -3.919, 4.8084
2015-12-30T04:00:52.329Z, 1.9918, 2.1144, -3.833, 4.8094
2015-12-30T04:00:56.129Z, 2.1205, 2.1523, -3.7413, 4.809
2015-12-30T04:00:59.929Z, 2.2449, 2.1883, -3.6437, 4.8068
2015-12-30T04:01:03.729Z, 2.3645, 2.2226, -3.5403, 4.8025
2015-12-30T04:01:07.529Z, 2.4787, 2.2551, -3.4309, 4.7958
2015-12-30T04:01:11.329Z, 2.5869, 2.2857, -3.3155, 4.7864
2015-12-30T04:01:15.129Z, 2.6886, 2.3146, -3.1942, 4.7738
2015-12-30T04:01:18.929Z, 2.7831, 2.3415, -3.0671, 4.7577
2015-12-30T04:01:22.729Z, 2.8696, 2.3667, -2.9344, 4.7378
2015-12-30T04:01:26.529Z, 2.9476, 2.39, -2.7962, 4.7137
2015-12-30T04:01:30.329Z, 3.0163, 2.4115, -2.6528, 4.6852
2015-12-30T04:01:34.129Z, 3.075, 2.4312, -2.5047, 4.6519
2015-12-30T04:01:37.929Z, 3.1231, 2.4491, -2.3525, 4.6137
2015-12-30T04:01:41.729Z, 3.1599, 2.4652, -2.1965, 4.5703
2015-12-30T04:01:45.529Z, 3.1849, 2.4797, -2.0377, 4.5216
2015-12-30T04:01:49.329Z, 3.1974, 2.4925, -1.8767, 4.4675
2015-12-30T04:01:53.129Z, 3.1971, 2.5037, -1.7146, 4.4079
2015-12-30T04:01:56.929Z, 3.1837, 2.5134, -1.5522, 4.3431
2015-12-30T04:02:00.729Z, 3.1568, 2.5217, -1.3909, 4.273
2015-12-30T04:02:04.529Z, 3.1165, 2.5285, -1.2317, 4.198
2015-12-30T04:02:08.329Z, 3.0629, 2.5341, -1.0759, 4.1183
2015-12-30T04:02:12.129Z, 2.9961, 2.5384, -0.92495, 4.0343
2015-12-30T04:02:15.929Z, 2.9167, 2.5416, -0.78018, 3.9466
2015-12-30T04:02:19.729Z, 2.8252, 2.5438, -0.643, 3.8556
2015-12-30T04:02:23.529Z, 2.7226, 2.5449, -0.51483, 3.7622
2015-12-30T04:02:27.329Z, 2.61, 2.5451, -0.39704, 3.6671
2015-12-30T04:02:31.129Z, 2.4888, 2.5443, -0.29093, 3.571
2015-12-30T04:02:34.929Z, 2.3604, 2.5426, -0.19767, 3.4749
2015-12-30T04:02:38.729Z, 2.2267, 2.5398, -0.1183, 3.3798
2015-12-30T04:02:42.529Z, 2.0897, 2.536, -0.053672, 3.2865
2015-12-30T04:02:46.329Z, 1.9516, 2.5309, -0.0043825, 3.196
2015-12-30T04:02:50.129Z, 1.8147, 2.5246, 0.029239, 3.1092
2015-12-30T04:02:53.929Z, 1.6813, 2.5168, 0.047173, 3.0271
2015-12-30T04:02:57.729Z, 1.554, 2.5074, 0.049722, 2.9503
2015-12-30T04:03:01.529Z, 1.435, 2.4963, 0.037559, 2.8796
2015-12-30T04:03:05.329Z, 1.3268, 2.4834, 0.011708, 2.8156
2015-12-30T04:03:09.129Z, 1.2313, 2.4686, -0.026457, 2.7588
2015-12-30T04:03:12.929Z, 1.1504, 2.452, -0.075239, 2.7095
2015-12-30T04:03:16.729Z, 1.0856, 2.4336, -0.13264, 2.668
2015-12-30T04:03:20.529Z, 1.0381, 2.4135, -0.19642, 2.6347
2015-12-30T04:03:24.329Z, 1.0085, 2.3922, -0.26415, 2.6095
2015-12-30T04:03:28.129Z, 0.99704, 2.3698, -0.33333, 2.5925
2015-12-30T04:03:31.929Z, 1.0034, 2.3469, -0.40139, 2.5837
2015-12-30T04:03:35.729Z, 1.0266, 2.324, -0.46586, 2.583
2015-12-30T04:03:39.529Z, 1.0656, 2.3016, -0.52441, 2.59
2015-12-30T04:03:43.329Z, 1.1184, 2.2805, -0.57491, 2.6042
2015-12-30T04:03:47.129Z, 1.1829, 2.2613, -0.61558, 2.6252
2015-12-30T04:03:50.929Z, 1.2567, 2.2447, -0.64498, 2.6521
2015-12-30T04:03:54.729Z, 1.337, 2.2312, -0.66209, 2.6841
2015-12-30T04:03:58.529Z, 1.421, 2.2214, -0.66633, 2.7199
2015-12-30T04:04:02.329Z, 1.5059, 2.2158, -0.65761, 2.7586
2015-12-30T04:04:06.129Z, 1.5887, 2.2148, -0.63625, 2.7989
2015-12-30T04:04:09.929Z, 1.6668, 2.2185, -0.60305, 2.8396
2015-12-30T04:04:13.729Z, 1.738, 2.227, -0.55915, 2.8797
2015-12-30T04:04:17.529Z, 1.8001, 2.2405, -0.50607, 2.9183
2015-12-30T04:04:21.329Z, 1.8516, 2.2587, -0.44553, 2.9544
2015-12-30T04:04:25.129Z, 1.8912, 2.2813, -0.37945, 2.9875
2015-12-30T04:04:28.929Z, 1.9184, 2.308, -0.30987, 3.0171
2015-12-30T04:04:32.729Z, 1.9328, 2.3384, -0.23875, 3.0432
2015-12-30T04:04:36.529Z, 1.9348, 2.3719, -0.16802, 3.0655
2015-12-30T04:04:40.329Z, 1.9249, 2.4079, -0.099393, 3.0844
2015-12-30T04:04:44.129Z, 1.9043, 2.4457, -0.034368, 3.0999
2015-12-30T04:04:47.929Z, 1.8741, 2.4846, 0.025863, 3.1123
2015-12-30T04:04:51.729Z, 1.8359, 2.5238, 0.080404, 3.122
2015-12-30T04:04:55.529Z, 1.791, 2.5624, 0.12875, 3.1289
2015-12-30T04:04:59.329Z, 1.7411, 2.5995, 0.17061, 3.1333
2015-12-30T04:05:03.129Z, 1.6873, 2.634, 0.20602, 3.1349
2015-12-30T04:05:06.929Z, 1.631, 2.6651, 0.23521, 3.1334
2015-12-30T04:05:10.729Z, 1.5731, 2.6915, 0.25852, 3.1282
2015-12-30T04:05:14.529Z, 1.5143, 2.7123, 0.2763, 3.1187
2015-12-30T04:05:18.329Z, 1.4551, 2.7265, 0.2889, 3.104
2015-12-30T04:05:22.129Z, 1.3956, 2.733, 0.2965, 3.083
2015-12-30T04:05:25.929Z, 1.3361, 2.7309, 0.2991, 3.055
2015-12-30T04:05:29.729Z, 1.2766, 2.7195, 0.2965, 3.0188
2015-12-30T04:05:33.529Z, 1.2171, 2.698, 0.28822, 2.9738
2015-12-30T04:05:37.329Z, 1.1577, 2.6661, 0.27361, 2.9195
2015-12-30T04:05:41.129Z, 1.099, 2.6232, 0.25189, 2.8553
2015-12-30T04:05:44.929Z, 1.0415, 2.5694, 0.22217, 2.7814
2015-12-30T04:05:48.729Z, 0.98608, 2.5047, 0.18363, 2.698
2015-12-30T04:05:52.529Z, 0.93394, 2.4291, 0.1356, 2.606
2015-12-30T04:05:56.329Z, 0.88645, 2.3432, 0.077633, 2.5065
2015-12-30T04:06:00.129Z, 0.8451, 2.2473, 0.0096090, 2.401
2015-12-30T04:06:03.929Z, 0.81147, 2.142, -0.068204, 2.2916
2015-12-30T04:06:07.729Z, 0.78709, 2.028, -0.15514, 2.1809
2015-12-30T04:06:11.529Z, 0.77323, 1.9059, -0.25023, 2.072
2015-12-30T04:06:15.329Z, 0.77096, 1.7765, -0.35218, 1.9683
2015-12-30T04:06:19.129Z, 0.78096, 1.6404, -0.45952, 1.874
2015-12-30T04:06:22.929Z, 0.80356, 1.4986, -0.57065, 1.7936
2015-12-30T04:06:26.729Z, 0.8388, 1.3517, -0.68406, 1.7317
2015-12-30T04:06:30.529Z, 0.88634, 1.2007, -0.79844, 1.6926
2015-12-30T04:06:34.329Z, 0.94574, 1.0465, -0.91261, 1.68
2015-12-30T04:06:38.129Z, 1.0164, 0.88995, -1.0258, 1.6963
2015-12-30T04:06:41.929Z, 1.0979, 0.73204, -1.1373, 1.742
2015-12-30T04:06:45.729Z, 1.1898, 0.57381, -1.2469, 1.8165
2015-12-30T04:06:49.529Z, 1.2921, 0.41625, -1.3544, 1.9176
2015-12-30T04:06:53.329Z, 1.405, 0.26038, -1.4596, 2.0426
2015-12-30T04:06:57.129Z, 1.5289, 0.10722, -1.5621, 2.1885
2015-12-30T04:07:00.929Z, 1.6646, -0.042305, -1.6614, 2.3523
2015-12-30T04:07:04.729Z, 1.8129, -0.18729, -1.7565, 2.5312
2015-12-30T04:07:08.529Z, 1.9743, -0.32699, -1.8461, 2.7227
2015-12-30T04:07:12.329Z, 2.1494, -0.46063, -1.9284, 2.9242
2015-12-30T04:07:16.129Z, 2.3382, -0.5877, -2.0011, 3.1332
2015-12-30T04:07:19.929Z, 2.5401, -0.70765, -2.0618, 3.3472
2015-12-30T04:07:23.729Z, 2.754, -0.82011, -2.1079, 3.5638
2015-12-30T04:07:27.529Z, 2.9778, -0.92485, -2.137, 3.7801
2015-12-30T04:07:31.329Z, 3.209, -1.0217, -2.1467, 3.9937
2015-12-30T04:07:35.129Z, 3.4442, -1.1105, -2.1354, 4.2018
2015-12-30T04:07:38.929Z, 3.6797, -1.1913, -2.1018, 4.4019
2015-12-30T04:07:42.729Z, 3.9118, -1.2644, -2.0454, 4.5918
2015-12-30T04:07:46.529Z, 4.1363, -1.3301, -1.9665, 4.7692
2015-12-30T04:07:50.329Z, 4.3495, -1.3888, -1.8663, 4.9326
2015-12-30T04:07:54.129Z, 4.5481, -1.4413, -1.7462, 5.0806
2015-12-30T04:07:57.929Z, 4.7294, -1.4885, -1.6085, 5.2125
2015-12-30T04:08:01.729Z, 4.8912, -1.5315, -1.4558, 5.3281
2015-12-30T04:08:05.529Z, 5.0319, -1.5715, -1.2907, 5.4273
2015-12-30T04:08:09.329Z, 5.151, -1.6099, -1.116, 5.511
2015-12-30T04:08:13.129Z, 5.2484, -1.6484, -0.93434, 5.5799
2015-12-30T04:08:16.929Z, 5.3242, -1.6883, -0.74805, 5.6353
2015-12-30T04:08:20.729Z, 5.3794, -1.7311, -0.55929, 5.6787
2015-12-30T04:08:24.529Z, 5.4148, -1.7783, -0.36982, 5.7113
2015-12-30T04:08:28.329Z, 5.4318, -1.8307, -0.18121, 5.7348
2015-12-30T04:08:32.129Z, 5.4314, -1.8893, 0.0053290, 5.7506
2015-12-30T04:08:35.929Z, 5.4149, -1.9544, 0.18866, 5.7599
2015-12-30T04:08:39.729Z, 5.3836, -2.0261, 0.36794, 5.764
2015-12-30T04:08:43.529Z, 5.3387, -2.1039, 0.54239, 5.7639
2015-12-30T04:08:47.329Z, 5.2814, -2.1873, 0.71133, 5.7605
2015-12-30T04:08:51.129Z, 5.213, -2.2753, 0.87423, 5.7547
2015-12-30T04:08:54.929Z, 5.1348, -2.3667, 1.0307, 5.7471
2015-12-30T04:08:58.729Z, 5.0479, -2.4602, 1.1805, 5.7383
2015-12-30T04:09:02.529Z, 4.9538, -2.5546, 1.3237, 5.7287
2015-12-30T04:09:06.329Z, 4.8536, -2.6486, 1.4605, 5.7188
2015-12-30T04:09:10.129Z, 4.7481, -2.7411, 1.5913, 5.7088
2015-12-30T04:09:13.929Z, 4.6382, -2.8312, 1.7168, 5.6987
2015-12-30T04:09:17.729Z, 4.524, -2.918, 1.8378, 5.6885
2015-12-30T04:09:21.529Z, 4.4057, -3.001, 1.955, 5.6779
2015-12-30T04:09:25.329Z, 4.2826, -3.0797, 2.0692, 5.6663
2015-12-30T04:09:29.129Z, 4.154, -3.1538, 2.1808, 5.6531
2015-12-30T04:09:32.929Z, 4.0185, -3.2228, 2.2899, 5.6372
2015-12-30T04:09:36.729Z, 3.8746, -3.2866, 2.3963, 5.6175
2015-12-30T04:09:40.529Z, 3.7208, -3.3447, 2.4993, 5.5927
2015-12-30T04:09:44.329Z, 3.5556, -3.3968, 2.5977, 5.5614
2015-12-30T04:09:48.129Z, 3.3778, -3.4426, 2.6897, 5.5223
2015-12-30T04:09:51.929Z, 3.1866, -3.4815, 2.7733, 5.4742
2015-12-30T04:09:55.729Z, 2.9816, -3.5132, 2.8464, 5.4162
2015-12-30T04:09:59.529Z, 2.7633, -3.5375, 2.9064, 5.3476
2015-12-30T04:10:03.329Z, 2.5326, -3.5542, 2.951, 5.2683
2015-12-30T04:10:07.129Z, 2.2914, -3.5633, 2.9782, 5.1785
2015-12-30T04:10:10.929Z, 2.0418, -3.565, 2.9863, 5.079
2015-12-30T04:10:14.729Z, 1.7866, -3.5599, 2.9739, 4.9707
2015-12-30T04:10:18.529Z, 1.5291, -3.5485, 2.9403, 4.8554
2015-12-30T04:10:22.329Z, 1.2725, -3.5317, 2.8855, 4.7348
2015-12-30T04:10:26.129Z, 1.0203, -3.5103, 2.81, 4.6108
2015-12-30T04:10:29.929Z, 0.77577, -3.4853, 2.7147, 4.4854
2015-12-30T04:10:33.729Z, 0.54188, -3.4575, 2.6014, 4.3606
2015-12-30T04:10:37.529Z, 0.32131, -3.4274, 2.4718, 4.238
2015-12-30T04:10:41.329Z, 0.11618, -3.3957, 2.3284, 4.1189
2015-12-30T04:10:45.129Z, -0.071799, -3.3623, 2.1735, 4.0043
2015-12-30T04:10:48.929Z, -0.24151, -3.3271, 2.0097, 3.8945
2015-12-30T04:10:52.729Z, -0.39225, -3.2897, 1.8395, 3.7894
2015-12-30T04:10:56.529Z, -0.52391, -3.2493, 1.6652, 3.6886
2015-12-30T04:11:00.329Z, -0.63666, -3.2052, 1.489, 3.5911
2015-12-30T04:11:04.129Z, -0.73112, -3.1563, 1.3131, 3.4959
2015-12-30T04:11:07.929Z, -0.80808, -3.1017, 1.139, 3.4016
2015-12-30T04:11:11.729Z, -0.86845, -3.0405, 0.9682, 3.307
2015-12-30T04:11:15.529Z, -0.91327, -2.9722, 0.80189, 3.2111
2015-12-30T04:11:19.329Z, -0.94355, -2.8962, 0.64087, 3.1127
2015-12-30T04:11:23.129Z, -0.9602, -2.8126, 0.4858, 3.0114
2015-12-30T04:11:26.929Z, -0.96397, -2.7216, 0.33712, 2.9069
2015-12-30T04:11:30.729Z, -0.95547, -2.6238, 0.19513, 2.7992
2015-12-30T04:11:34.529Z, -0.93509, -2.5203, 0.060072, 2.6888
2015-12-30T04:11:38.329Z, -0.90314, -2.412, -0.067859, 2.5764
2015-12-30T04:11:42.129Z, -0.85973, -2.3004, -0.1884, 2.463
2015-12-30T04:11:45.929Z, -0.80485, -2.1868, -0.30116, 2.3496
2015-12-30T04:11:49.729Z, -0.73852, -2.0727, -0.40574, 2.2374
2015-12-30T04:11:53.529Z, -0.66084, -1.9592, -0.50148, 2.1276
2015-12-30T04:11:57.329Z, -0.57197, -1.8476, -0.58762, 2.0214
2015-12-30T04:12:01.129Z, -0.4723, -1.7388, -0.66331, 1.92
2015-12-30T04:12:04.929Z, -0.36258, -1.6335, -0.7276, 1.8246
2015-12-30T04:12:08.729Z, -0.24364, -1.5321, -0.77954, 1.7362
2015-12-30T04:12:12.529Z, -0.11681, -1.4348, -0.8182, 1.6558
2015-12-30T04:12:16.329Z, 0.016364, -1.3417, -0.84277, 1.5845
2015-12-30T04:12:20.129Z, 0.15406, -1.2526, -0.85266, 1.5231
2015-12-30T04:12:23.929Z, 0.2942, -1.1672, -0.84752, 1.4722
2015-12-30T04:12:27.729Z, 0.43467, -1.0853, -0.82725, 1.4322
2015-12-30T04:12:31.529Z, 0.5732, -1.0065, -0.79208, 1.4032
2015-12-30T04:12:35.329Z, 0.70759, -0.93039, -0.74248, 1.3848
2015-12-30T04:12:39.129Z, 0.83577, -0.85684, -0.67938, 1.3763
2015-12-30T04:12:42.929Z, 0.95589, -0.78563, -0.60381, 1.3768
2015-12-30T04:12:46.729Z, 1.0663, -0.71671, -0.51709, 1.385
2015-12-30T04:12:50.529Z, 1.1657, -0.65007, -0.42069, 1.3995
2015-12-30T04:12:54.329Z, 1.2532, -0.58588, -0.31617, 1.419
2015-12-30T04:12:58.129Z, 1.3278, -0.52432, -0.20509, 1.4423
2015-12-30T04:13:01.929Z, 1.3894, -0.46569, -0.089018, 1.4681
2015-12-30T04:13:05.729Z, 1.4379, -0.41034, 0.030514, 1.4957
2015-12-30T04:13:09.529Z, 1.4734, -0.3586, 0.15213, 1.524
2015-12-30T04:13:13.329Z, 1.4961, -0.31085, 0.27461, 1.5526
2015-12-30T04:13:17.129Z, 1.5067, -0.26753, 0.3967, 1.5809
2015-12-30T04:13:20.929Z, 1.5058, -0.22896, 0.51746, 1.6086
2015-12-30T04:13:24.729Z, 1.494, -0.19554, 0.636, 1.6355
2015-12-30T04:13:28.529Z, 1.4722, -0.16761, 0.75155, 1.6614
2015-12-30T04:13:32.329Z, 1.4411, -0.14546, 0.86343, 1.6863
2015-12-30T04:13:36.129Z, 1.4016, -0.12939, 0.9711, 1.7101
2015-12-30T04:13:39.929Z, 1.3546, -0.11965, 1.0741, 1.7329
2015-12-30T04:13:43.729Z, 1.3009, -0.11649, 1.1719, 1.7548
2015-12-30T04:13:47.529Z, 1.2415, -0.12006, 1.2644, 1.776
2015-12-30T04:13:51.329Z, 1.1771, -0.1305, 1.3511, 1.7967
2015-12-30T04:13:55.129Z, 1.1088, -0.14795, 1.4319, 1.8171
2015-12-30T04:13:58.929Z, 1.0374, -0.17244, 1.5068, 1.8375
2015-12-30T04:14:02.729Z, 0.96386, -0.20391, 1.5757, 1.8583
2015-12-30T04:14:06.529Z, 0.88903, -0.24232, 1.6385, 1.8799
2015-12-30T04:14:10.329Z, 0.81377, -0.28751, 1.6956, 1.9026
2015-12-30T04:14:14.129Z, 0.73884, -0.3392, 1.7472, 1.927
2015-12-30T04:14:17.929Z, 0.66496, -0.39711, 1.7934, 1.9535
2015-12-30T04:14:21.729Z, 0.59281, -0.46083, 1.8348, 1.9825
2015-12-30T04:14:25.529Z, 0.52294, -0.52986, 1.8717, 2.0143
2015-12-30T04:14:29.329Z, 0.45582, -0.60364, 1.9045, 2.0493
2015-12-30T04:14:33.129Z, 0.39187, -0.68159, 1.9339, 2.0876
2015-12-30T04:14:36.929Z, 0.33127, -0.76299, 1.9603, 2.1295
2015-12-30T04:14:40.729Z, 0.27422, -0.84714, 1.9842, 2.1748
2015-12-30T04:14:44.529Z, 0.22081, -0.93332, 2.006, 2.2235
2015-12-30T04:14:48.329Z, 0.171, -1.0207, 2.0263, 2.2753
2015-12-30T04:14:52.129Z, 0.12463, -1.1087, 2.0456, 2.33
2015-12-30T04:14:55.929Z, 0.081633, -1.1964, 2.064, 2.3871
2015-12-30T04:14:59.729Z, 0.041684, -1.2833, 2.0821, 2.4462
2015-12-30T04:15:03.529Z, 0.0045792, -1.3687, 2.1, 2.5067
2015-12-30T04:15:07.329Z, -0.030045, -1.452, 2.118, 2.5681
2015-12-30T04:15:11.129Z, -0.062414, -1.5328, 2.1361, 2.6299
2015-12-30T04:15:14.929Z, -0.092886, -1.6106, 2.1545, 2.6916
2015-12-30T04:15:18.729Z, -0.12175, -1.6852, 2.1732, 2.7527
2015-12-30T04:15:22.529Z, -0.14923, -1.7562, 2.1922, 2.8129
2015-12-30T04:15:26.329Z, -0.17551, -1.8236, 2.2115, 2.8718
2015-12-30T04:15:30.129Z, -0.20081, -1.8873, 2.231, 2.9291
2015-12-30T04:15:33.929Z, -0.22523, -1.9472, 2.2507, 2.9846
2015-12-30T04:15:37.729Z, -0.24875, -2.0034, 2.2704, 3.0381
2015-12-30T04:15:41.529Z, -0.27138, -2.0559, 2.2903, 3.0896
2015-12-30T04:15:45.329Z, -0.29307, -2.105, 2.3103, 3.1392
2015-12-30T04:15:49.129Z, -0.3137, -2.1507, 2.3305, 3.1868
2015-12-30T04:15:52.929Z, -0.33307, -2.1933, 2.3511, 3.2325
2015-12-30T04:15:56.729Z, -0.35097, -2.2327, 2.3723, 3.2766
2015-12-30T04:16:00.529Z, -0.3672, -2.2693, 2.3943, 3.3192
2015-12-30T04:16:04.329Z, -0.3815, -2.3029, 2.4177, 3.3607
2015-12-30T04:16:08.129Z, -0.39364, -2.3336, 2.4428, 3.4012
2015-12-30T04:16:11.929Z, -0.40336, -2.3614, 2.4702, 3.4411
2015-12-30T04:16:15.729Z, -0.41044, -2.3861, 2.5006, 3.4806
2015-12-30T04:16:19.529Z, -0.41469, -2.4074, 2.5347, 3.5202
2015-12-30T04:16:23.329Z, -0.41592, -2.4249, 2.5732, 3.5601
2015-12-30T04:16:27.129Z, -0.41404, -2.4381, 2.6171, 3.6007
2015-12-30T04:16:30.929Z, -0.40892, -2.4464, 2.6671, 3.6422
2015-12-30T04:16:34.729Z, -0.40052, -2.449, 2.7241, 3.6849
2015-12-30T04:16:38.529Z, -0.38881, -2.4447, 2.789, 3.7291
2015-12-30T04:16:42.329Z, -0.37387, -2.4324, 2.8626, 3.775
2015-12-30T04:16:46.129Z, -0.35571, -2.4107, 2.9455, 3.8228
2015-12-30T04:16:49.929Z, -0.33447, -2.378, 3.0383, 3.8727
2015-12-30T04:16:53.729Z, -0.31027, -2.3325, 3.1413, 3.9249
2015-12-30T04:16:57.529Z, -0.28329, -2.2722, 3.2546, 3.9794
2015-12-30T04:17:01.329Z, -0.25373, -2.1952, 3.3776, 4.0363
2015-12-30T04:17:05.129Z, -0.2218, -2.0994, 3.5097, 4.0957
2015-12-30T04:17:08.929Z, -0.18778, -1.983, 3.6496, 4.1578
2015-12-30T04:17:12.729Z, -0.15189, -1.8443, 3.7953, 4.2224
2015-12-30T04:17:16.529Z, -0.11446, -1.6821, 3.9444, 4.2897
2015-12-30T04:17:20.329Z, -0.07576, -1.4962, 4.094, 4.3595
2015-12-30T04:17:24.129Z, -0.0361, -1.2868, 4.2409, 4.4319
2015-12-30T04:17:27.929Z, 0.0041982, -1.0553, 4.3817, 4.5069
2015-12-30T04:17:31.729Z, 0.044846, -0.80414, 4.5132, 4.5845
2015-12-30T04:17:35.529Z, 0.085527, -0.53653, 4.6327, 4.6644
2015-12-30T04:17:39.329Z, 0.12586, -0.25622, 4.7383, 4.7469
2015-12-30T04:17:43.129Z, 0.16562, 0.032444, 4.8288, 4.8318
2015-12-30T04:17:46.929Z, 0.20451, 0.32524, 4.9039, 4.919
2015-12-30T04:17:50.729Z, 0.24221, 0.61826, 4.9642, 5.0085
2015-12-30T04:17:54.529Z, 0.27849, 0.90804, 5.011, 5.1002
2015-12-30T04:17:58.329Z, 0.31316, 1.1916, 5.0458, 5.1941
2015-12-30T04:18:02.129Z, 0.34595, 1.4671, 5.0708, 5.2901
2015-12-30T04:18:05.929Z, 0.37675, 1.7328, 5.088, 5.3882
2015-12-30T04:18:09.729Z, 0.40534, 1.988, 5.0995, 5.4883
2015-12-30T04:18:13.529Z, 0.43175, 2.232, 5.1072, 5.5903
2015-12-30T04:18:17.329Z, 0.45579, 2.4649, 5.1128, 5.6942
2015-12-30T04:18:21.129Z, 0.47753, 2.6867, 5.1179, 5.8
2015-12-30T04:18:24.929Z, 0.49693, 2.8979, 5.1237, 5.9074
2015-12-30T04:18:28.729Z, 0.51413, 3.0988, 5.1314, 6.0164
2015-12-30T04:18:32.529Z, 0.5292, 3.2898, 5.1418, 6.127
2015-12-30T04:18:36.329Z, 0.5423, 3.4714, 5.1557, 6.2391
2015-12-30T04:18:40.129Z, 0.55363, 3.644, 5.1737, 6.3524
2015-12-30T04:18:43.929Z, 0.56344, 3.8081, 5.1964, 6.4669
2015-12-30T04:18:47.729Z, 0.572, 3.9639, 5.2239, 6.5825
2015-12-30T04:18:51.529Z, 0.57965, 4.1118, 5.2567, 6.699
2015-12-30T04:18:55.329Z, 0.5867, 4.252, 5.295, 6.8161
2015-12-30T04:18:59.129Z, 0.59353, 4.3847, 5.3386, 6.9339
2015-12-30T04:19:02.929Z, 0.60057, 4.51, 5.3879, 7.0519
2015-12-30T04:19:06.729Z, 0.60828, 4.628, 5.4427, 7.1701
2015-12-30T04:19:10.529Z, 0.61706, 4.7389, 5.5028, 7.2883
2015-12-30T04:19:14.329Z, 0.62738, 4.8426, 5.5684, 7.4061
2015-12-30T04:19:18.129Z, 0.63967, 4.9392, 5.6389, 7.5234
2015-12-30T04:19:21.929Z, 0.65445, 5.0286, 5.7143, 7.6399
2015-12-30T04:19:25.729Z, 0.67217, 5.1109, 5.7942, 7.7554
2015-12-30T04:19:29.529Z, 0.69323, 5.1861, 5.8783, 7.8696
2015-12-30T04:19:33.329Z, 0.71813, 5.2541, 5.9662, 7.9823
2015-12-30T04:19:37.129Z, 0.74723, 5.315, 6.0575, 8.0932
2015-12-30T04:19:40.929Z, 0.78091, 5.3687, 6.1516, 8.2021
2015-12-30T04:19:44.729Z, 0.81964, 5.4152, 6.2482, 8.3089
2015-12-30T04:19:48.529Z, 0.8636, 5.4547, 6.3467, 8.4131
2015-12-30T04:19:52.329Z, 0.91315, 5.487, 6.4465, 8.5146
2015-12-30T04:19:56.129Z, 0.96857, 5.5124, 6.5472, 8.6133
2015-12-30T04:19:59.929Z, 1.03, 5.5308, 6.648, 8.709
2015-12-30T04:20:03.729Z, 1.0976, 5.5424, 6.7485, 8.8014
2015-12-30T04:20:07.529Z, 1.1716, 5.5474, 6.8481, 8.8906
2015-12-30T04:20:11.329Z, 1.2519, 5.5459, 6.9461, 8.9762
2015-12-30T04:20:15.129Z, 1.3387, 5.538, 7.0421, 9.0583
2015-12-30T04:20:18.929Z, 1.4318, 5.524, 7.1354, 9.1367
2015-12-30T04:20:22.729Z, 1.5313, 5.5042, 7.2255, 9.2114
2015-12-30T04:20:26.529Z, 1.6369, 5.4787, 7.312, 9.2823
2015-12-30T04:20:30.329Z, 1.7486, 5.4478, 7.3941, 9.3493
2015-12-30T04:20:34.129Z, 1.8661, 5.4119, 7.4716, 9.4125
2015-12-30T04:20:37.929Z, 1.9892, 5.3712, 7.5439, 9.4719
2015-12-30T04:20:41.729Z, 2.1176, 5.326, 7.6106, 9.5275
2015-12-30T04:20:45.529Z, 2.251, 5.2767, 7.6714, 9.5792
2015-12-30T04:20:49.329Z, 2.389, 5.2236, 7.7259, 9.6272
2015-12-30T04:20:53.129Z, 2.5313, 5.1671, 7.7737, 9.6714
2015-12-30T04:20:56.929Z, 2.6774, 5.1074, 7.8146, 9.712
2015-12-30T04:21:00.729Z, 2.827, 5.045, 7.8483, 9.7489
2015-12-30T04:21:04.529Z, 2.9795, 4.9802, 7.8747, 9.7822
2015-12-30T04:21:08.329Z, 3.1346, 4.9133, 7.8937, 9.812
2015-12-30T04:21:12.129Z, 3.2916, 4.8446, 7.905, 9.8384
2015-12-30T04:21:15.929Z, 3.4502, 4.7745, 7.9086, 9.8613
2015-12-30T04:21:19.729Z, 3.6097, 4.7034, 7.9045, 9.8809
2015-12-30T04:21:23.529Z, 3.7698, 4.6314, 7.8927, 9.8973
2015-12-30T04:21:27.329Z, 3.9299, 4.5589, 7.8733, 9.9104
2015-12-30T04:21:31.129Z, 4.0895, 4.4862, 7.8462, 9.9204
2015-12-30T04:21:34.929Z, 4.2481, 4.4135, 7.8118, 9.9272
2015-12-30T04:21:38.729Z, 4.4053, 4.3411, 7.77, 9.931
2015-12-30T04:21:42.529Z, 4.5605, 4.2691, 7.7211, 9.9317
2015-12-30T04:21:46.329Z, 4.7133, 4.1978, 7.6654, 9.9295
2015-12-30T04:21:50.129Z, 4.8633, 4.1274, 7.603, 9.9243
2015-12-30T04:21:53.929Z, 5.0101, 4.0579, 7.5342, 9.9162
2015-12-30T04:21:57.729Z, 5.1531, 3.9895, 7.4594, 9.9052
2015-12-30T04:22:01.529Z, 5.2922, 3.9223, 7.3788, 9.8914
2015-12-30T04:22:05.329Z, 5.4269, 3.8565, 7.2928, 9.8747
2015-12-30T04:22:09.129Z, 5.5569, 3.792, 7.2018, 9.8552
2015-12-30T04:22:12.929Z, 5.682, 3.7289, 7.1061, 9.833
2015-12-30T04:22:16.729Z, 5.8019, 3.6673, 7.0061, 9.808
2015-12-30T04:22:20.529Z, 5.9164, 3.607, 6.9022, 9.7804
2015-12-30T04:22:24.329Z, 6.0252, 3.5483, 6.7948, 9.75
2015-12-30T04:22:28.129Z, 6.1284, 3.4908, 6.6842, 9.717
2015-12-30T04:22:31.929Z, 6.2256, 3.4347, 6.5708, 9.6815
2015-12-30T04:22:35.729Z, 6.3168, 3.3799, 6.4551, 9.6434
2015-12-30T04:22:39.529Z, 6.4021, 3.3263, 6.3374, 9.6028
2015-12-30T04:22:43.329Z, 6.4812, 3.2738, 6.218, 9.5597
2015-12-30T04:22:47.129Z, 6.5542, 3.2224, 6.0974, 9.5142
2015-12-30T04:22:50.929Z, 6.6213, 3.1718, 5.9759, 9.4664
2015-12-30T04:22:54.729Z, 6.6823, 3.1221, 5.8538, 9.4163
2015-12-30T04:22:58.529Z, 6.7374, 3.073, 5.7314, 9.364
2015-12-30T04:23:02.329Z, 6.7868, 3.0246, 5.609, 9.3096
2015-12-30T04:23:06.129Z, 6.8304, 2.9765, 5.4869, 9.2531
2015-12-30T04:23:09.929Z, 6.8685, 2.9288, 5.3655, 9.1947
2015-12-30T04:23:13.729Z, 6.9011, 2.8814, 5.2448, 9.1343
2015-12-30T04:23:17.529Z, 6.9286, 2.834, 5.1252, 9.0722
2015-12-30T04:23:21.329Z, 6.951, 2.7866, 5.0068, 9.0083
2015-12-30T04:23:25.129Z, 6.9685, 2.7391, 4.8899, 8.9428
2015-12-30T04:23:28.929Z, 6.9815, 2.6913, 4.7745, 8.8758
2015-12-30T04:23:32.729Z, 6.99, 2.6432, 4.6609, 8.8074
2015-12-30T04:23:36.529Z, 6.9942, 2.5947, 4.5492, 8.7377
2015-12-30T04:23:40.329Z, 6.9945, 2.5456, 4.4395, 8.6668
2015-12-30T04:23:44.129Z, 6.9911, 2.4959, 4.3318, 8.5947
2015-12-30T04:23:47.929Z, 6.9841, 2.4455, 4.2263, 8.5217
2015-12-30T04:23:51.729Z, 6.9737, 2.3943, 4.123, 8.4478
2015-12-30T04:23:55.529Z, 6.9603, 2.3424, 4.0219, 8.3731
2015-12-30T04:23:59.329Z, 6.944, 2.2895, 3.9231, 8.2977
2015-12-30T04:24:03.129Z, 6.9251, 2.2358, 3.8266, 8.2218
2015-12-30T04:24:06.929Z, 6.9037, 2.1811, 3.7324, 8.1455
2015-12-30T04:24:10.729Z, 6.88, 2.1254, 3.6405, 8.0688
2015-12-30T04:24:14.529Z, 6.8543, 2.0688, 3.5508, 7.9919
2015-12-30T04:24:18.329Z, 6.8268, 2.0111, 3.4634, 7.9148
2015-12-30T04:24:22.129Z, 6.7976, 1.9525, 3.3781, 7.8378
2015-12-30T04:24:25.929Z, 6.7669, 1.8928, 3.295, 7.7609
2015-12-30T04:24:29.729Z, 6.7349, 1.8322, 3.214, 7.6841
2015-12-30T04:24:33.529Z, 6.7018, 1.7706, 3.135, 7.6077
2015-12-30T04:24:37.329Z, 6.6676, 1.7081, 3.058, 7.5317
2015-12-30T04:24:41.129Z, 6.6326, 1.6446, 2.9829, 7.4561
2015-12-30T04:24:44.929Z, 6.5969, 1.5804, 2.9097, 7.3812
2015-12-30T04:24:48.729Z, 6.5605, 1.5153, 2.8382, 7.307
2015-12-30T04:24:52.529Z, 6.5237, 1.4494, 2.7684, 7.2335
2015-12-30T04:24:56.329Z, 6.4865, 1.3828, 2.7002, 7.1609
2015-12-30T04:25:00.129Z, 6.4491, 1.3156, 2.6335, 7.0892
2015-12-30T04:25:03.929Z, 6.4115, 1.2478, 2.5683, 7.0186
2015-12-30T04:25:07.729Z, 6.3738, 1.1794, 2.5045, 6.949
2015-12-30T04:25:11.529Z, 6.3361, 1.1106, 2.442, 6.8806
2015-12-30T04:25:15.329Z, 6.2985, 1.0414, 2.3807, 6.8134
2015-12-30T04:25:19.129Z, 6.261, 0.97194, 2.3206, 6.7475
2015-12-30T04:25:22.929Z, 6.2237, 0.90221, 2.2615, 6.683
2015-12-30T04:25:26.729Z, 6.1866, 0.83232, 2.2035, 6.6198
2015-12-30T04:25:30.529Z, 6.1498, 0.76236, 2.1463, 6.5581
2015-12-30T04:25:34.329Z, 6.1134, 0.69239, 2.0901, 6.4978
2015-12-30T04:25:38.129Z, 6.0773, 0.6225, 2.0346, 6.439
2015-12-30T04:25:41.929Z, 6.0416, 0.55276, 1.9799, 6.3817
2015-12-30T04:25:45.729Z, 6.0063, 0.48326, 1.9259, 6.326
2015-12-30T04:25:49.529Z, 5.9715, 0.41409, 1.8725, 6.2719
2015-12-30T04:25:53.329Z, 5.9371, 0.3453, 1.8197, 6.2193
2015-12-30T04:25:57.129Z, 5.9031, 0.27697, 1.7674, 6.1682
2015-12-30T04:26:00.929Z, 5.8696, 0.2092, 1.7155, 6.1188
2015-12-30T04:26:04.729Z, 5.8366, 0.14204, 1.6641, 6.0709
2015-12-30T04:26:08.529Z, 5.8041, 0.075555, 1.613, 6.0245
2015-12-30T04:26:12.329Z, 5.7719, 0.0098422, 1.5623, 5.9796
2015-12-30T04:26:16.129Z, 5.7403, -0.05505, 1.5119, 5.9363
2015-12-30T04:26:19.929Z, 5.709, -0.11905, 1.4618, 5.8944
2015-12-30T04:26:23.729Z, 5.6782, -0.1821, 1.4119, 5.854
2015-12-30T04:26:27.529Z, 5.6478, -0.24413, 1.3622, 5.8149
2015-12-30T04:26:31.329Z, 5.6178, -0.3051, 1.3127, 5.7772
2015-12-30T04:26:35.129Z, 5.5881, -0.36495, 1.2633, 5.7408
2015-12-30T04:26:38.929Z, 5.5588, -0.42361, 1.2141, 5.7056
2015-12-30T04:26:42.729Z, 5.5298, -0.48106, 1.165, 5.6716
2015-12-30T04:26:46.529Z, 5.5011, -0.53725, 1.1161, 5.6388
2015-12-30T04:26:50.329Z, 5.4727, -0.59212, 1.0672, 5.6071
2015-12-30T04:26:54.129Z, 5.4445, -0.64565, 1.0184, 5.5764
2015-12-30T04:26:57.929Z, 5.4165, -0.69779, 0.96975, 5.5467
2015-12-30T04:27:01.729Z, 5.3886, -0.74852, 0.92115, 5.5178
2015-12-30T04:27:05.529Z, 5.361, -0.79781, 0.87263, 5.4898
2015-12-30T04:27:09.329Z, 5.3334, -0.84564, 0.8242, 5.4626
2015-12-30T04:27:13.129Z, 5.306, -0.89197, 0.77584, 5.4361
2015-12-30T04:27:16.929Z, 5.2786, -0.93679, 0.72758, 5.4102
2015-12-30T04:27:20.729Z, 5.2512, -0.98009, 0.67941, 5.3849
2015-12-30T04:27:24.529Z, 5.2239, -1.0219, 0.63135, 5.3602
2015-12-30T04:27:28.329Z, 5.1965, -1.0621, 0.5834, 5.3359
2015-12-30T04:27:32.129Z, 5.1691, -1.1007, 0.53557, 5.312
2015-12-30T04:27:35.929Z, 5.1415, -1.1378, 0.48789, 5.2885
2015-12-30T04:27:39.729Z, 5.1139, -1.1734, 0.44036, 5.2652
2015-12-30T04:27:43.529Z, 5.0861, -1.2074, 0.39299, 5.2422
2015-12-30T04:27:47.329Z, 5.0582, -1.2398, 0.34581, 5.2194
2015-12-30T04:27:51.129Z, 5.0301, -1.2707, 0.29884, 5.1967
2015-12-30T04:27:54.929Z, 5.0018, -1.3001, 0.2521, 5.1741
2015-12-30T04:27:58.729Z, 4.9732, -1.3279, 0.20559, 5.1516
2015-12-30T04:28:02.529Z, 4.9444, -1.3543, 0.15935, 5.129
2015-12-30T04:28:06.329Z, 4.9154, -1.3791, 0.1134, 5.1064
2015-12-30T04:28:10.129Z, 4.886, -1.4025, 0.06775, 5.0838
2015-12-30T04:28:13.929Z, 4.8564, -1.4244, 0.022427, 5.061
2015-12-30T04:28:17.729Z, 4.8264, -1.4449, -0.022542, 5.0381
2015-12-30T04:28:21.529Z, 4.7961, -1.464, -0.067141, 5.015
2015-12-30T04:28:25.329Z, 4.7655, -1.4817, -0.11134, 4.9917
2015-12-30T04:28:29.129Z, 4.7345, -1.4981, -0.15512, 4.9682
2015-12-30T04:28:32.929Z, 4.7031, -1.5131, -0.19847, 4.9445
2015-12-30T04:28:36.729Z, 4.6714, -1.5269, -0.24134, 4.9205
2015-12-30T04:28:40.529Z, 4.6393, -1.5393, -0.28374, 4.8962
2015-12-30T04:28:44.329Z, 4.6068, -1.5506, -0.32563, 4.8716
2015-12-30T04:28:48.129Z, 4.5739, -1.5606, -0.36699, 4.8468
2015-12-30T04:28:51.929Z, 4.5407, -1.5695, -0.4078, 4.8216
2015-12-30T04:28:55.729Z, 4.5071, -1.5772, -0.44804, 4.796
2015-12-30T04:28:59.529Z, 4.473, -1.5839, -0.4877, 4.7702
2015-12-30T04:29:03.329Z, 4.4386, -1.5894, -0.52674, 4.744
2015-12-30T04:29:07.129Z, 4.4039, -1.594, -0.56516, 4.7174
2015-12-30T04:29:10.929Z, 4.3687, -1.5975, -0.60294, 4.6906
2015-12-30T04:29:14.729Z, 4.3332, -1.6001, -0.64006, 4.6633
2015-12-30T04:29:18.529Z, 4.2973, -1.6018, -0.6765, 4.6358
2015-12-30T04:29:22.329Z, 4.2611, -1.6026, -0.71225, 4.6079
2015-12-30T04:29:26.129Z, 4.2245, -1.6025, -0.74729, 4.5796
2015-12-30T04:29:29.929Z, 4.1876, -1.6017, -0.78162, 4.5511
2015-12-30T04:29:33.729Z, 4.1504, -1.6, -0.81522, 4.5222
2015-12-30T04:29:37.529Z, 4.1128, -1.5976, -0.84807, 4.493
2015-12-30T04:29:41.329Z, 4.075, -1.5945, -0.88017, 4.4635
2015-12-30T04:29:45.129Z, 4.0369, -1.5908, -0.9115, 4.4337
2015-12-30T04:29:48.929Z, 3.9985, -1.5863, -0.94207, 4.4036
2015-12-30T04:29:52.729Z, 3.9598, -1.5813, -0.97186, 4.3732
2015-12-30T04:29:56.529Z, 3.9209, -1.5757, -1.0009, 4.3426
2015-12-30T04:30:00.329Z, 3.8818, -1.5696, -1.0291, 4.3117
2015-12-30T04:30:04.129Z, 3.8424, -1.563, -1.0565, 4.2806
2015-12-30T04:30:07.929Z, 3.8029, -1.5559, -1.0831, 4.2492
2015-12-30T04:30:11.729Z, 3.7632, -1.5483, -1.1089, 4.2176
2015-12-30T04:30:15.529Z, 3.7233, -1.5404, -1.1339, 4.1859
2015-12-30T04:30:19.329Z, 3.6833, -1.532, -1.1581, 4.1539
2015-12-30T04:30:23.129Z, 3.6431, -1.5233, -1.1815, 4.1218
2015-12-30T04:30:26.929Z, 3.6029, -1.5143, -1.2041, 4.0895
2015-12-30T04:30:30.729Z, 3.5625, -1.505, -1.2259, 4.057
2015-12-30T04:30:34.529Z, 3.5221, -1.4954, -1.2469, 4.0244
2015-12-30T04:30:38.329Z, 3.4816, -1.4855, -1.267, 3.9917
2015-12-30T04:30:42.129Z, 3.4411, -1.4754, -1.2864, 3.9589
2015-12-30T04:30:45.929Z, 3.4006, -1.4652, -1.305, 3.926
2015-12-30T04:30:49.729Z, 3.36, -1.4547, -1.3229, 3.893
2015-12-30T04:30:53.529Z, 3.3195, -1.4441, -1.3399, 3.86
2015-12-30T04:30:57.329Z, 3.279, -1.4333, -1.3562, 3.8269
2015-12-30T04:31:01.129Z, 3.2385, -1.4225, -1.3717, 3.7938
2015-12-30T04:31:04.929Z, 3.1981, -1.4115, -1.3864, 3.7606
2015-12-30T04:31:08.729Z, 3.1578, -1.4005, -1.4004, 3.7275
2015-12-30T04:31:12.529Z, 3.1176, -1.3894, -1.4136, 3.6943
2015-12-30T04:31:16.329Z, 3.0775, -1.3783, -1.4262, 3.6612
2015-12-30T04:31:20.129Z, 3.0375, -1.3671, -1.438, 3.6281
2015-12-30T04:31:23.929Z, 2.9976, -1.356, -1.4491, 3.595
2015-12-30T04:31:27.729Z, 2.958, -1.3448, -1.4594, 3.562
2015-12-30T04:31:31.529Z, 2.9185, -1.3337, -1.4691, 3.5291
2015-12-30T04:31:35.329Z, 2.8791, -1.3226, -1.4782, 3.4962
2015-12-30T04:31:39.129Z, 2.84, -1.3115, -1.4865, 3.4634
2015-12-30T04:31:42.929Z, 2.8011, -1.3005, -1.4942, 3.4308
2015-12-30T04:31:46.729Z, 2.7624, -1.2896, -1.5013, 3.3982
2015-12-30T04:31:50.529Z, 2.7239, -1.2787, -1.5077, 3.3658
2015-12-30T04:31:54.329Z, 2.6857, -1.268, -1.5136, 3.3334
2015-12-30T04:31:58.129Z, 2.6478, -1.2573, -1.5188, 3.3013
2015-12-30T04:32:01.929Z, 2.6101, -1.2467, -1.5234, 3.2692
2015-12-30T04:32:05.729Z, 2.5727, -1.2363, -1.5275, 3.2374
2015-12-30T04:32:09.529Z, 2.5356, -1.226, -1.531, 3.2057
2015-12-30T04:32:13.329Z, 2.4989, -1.2158, -1.5339, 3.1742
2015-12-30T04:32:17.129Z, 2.4624, -1.2057, -1.5364, 3.1428
2015-12-30T04:32:20.929Z, 2.4262, -1.1958, -1.5383, 3.1117
2015-12-30T04:32:24.729Z, 2.3904, -1.186, -1.5396, 3.0807
2015-12-30T04:32:28.529Z, 2.3549, -1.1763, -1.5405, 3.05
2015-12-30T04:32:32.329Z, 2.3197, -1.1669, -1.541, 3.0195
2015-12-30T04:32:36.129Z, 2.2849, -1.1575, -1.5409, 2.9892
2015-12-30T04:32:39.929Z, 2.2505, -1.1484, -1.5404, 2.9591
2015-12-30T04:32:43.729Z, 2.2164, -1.1393, -1.5395, 2.9293
2015-12-30T04:32:47.529Z, 2.1827, -1.1305, -1.5381, 2.8996
2015-12-30T04:32:51.329Z, 2.1493, -1.1218, -1.5364, 2.8703
2015-12-30T04:32:55.129Z, 2.1164, -1.1133, -1.5342, 2.8412
2015-12-30T04:32:58.929Z, 2.0838, -1.105, -1.5317, 2.8123
2015-12-30T04:33:02.729Z, 2.0516, -1.0968, -1.5288, 2.7837
2015-12-30T04:33:06.529Z, 2.0198, -1.0888, -1.5255, 2.7554
2015-12-30T04:33:10.329Z, 1.9884, -1.0809, -1.5219, 2.7273
2015-12-30T04:33:14.129Z, 1.9573, -1.0733, -1.518, 2.6995
2015-12-30T04:33:17.929Z, 1.9267, -1.0658, -1.5137, 2.672
2015-12-30T04:33:21.729Z, 1.8965, -1.0585, -1.5091, 2.6447
2015-12-30T04:33:25.529Z, 1.8667, -1.0513, -1.5043, 2.6177
2015-12-30T04:33:29.329Z, 1.8373, -1.0443, -1.4992, 2.5911
2015-12-30T04:33:33.129Z, 1.8082, -1.0375, -1.4938, 2.5647
2015-12-30T04:33:36.929Z, 1.7796, -1.0308, -1.4881, 2.5385
2015-12-30T04:33:40.729Z, 1.7514, -1.0243, -1.4822, 2.5127
2015-12-30T04:33:44.529Z, 1.7236, -1.018, -1.4761, 2.4872
2015-12-30T04:33:48.329Z, 1.6962, -1.0118, -1.4698, 2.4619
2015-12-30T04:33:52.129Z, 1.6692, -1.0057, -1.4632, 2.437
2015-12-30T04:33:55.929Z, 1.6426, -0.99987, -1.4565, 2.4123
2015-12-30T04:33:59.729Z, 1.6164, -0.99415, -1.4495, 2.3879
2015-12-30T04:34:03.529Z, 1.5906, -0.98858, -1.4424, 2.3639
2015-12-30T04:34:07.329Z, 1.5652, -0.98315, -1.4351, 2.3401
2015-12-30T04:34:11.129Z, 1.5402, -0.97787, -1.4277, 2.3166
2015-12-30T04:34:14.929Z, 1.5156, -0.97273, -1.4201, 2.2935
2015-12-30T04:34:18.729Z, 1.4914, -0.96773, -1.4123, 2.2706
2015-12-30T04:34:22.529Z, 1.4676, -0.96286, -1.4045, 2.248
2015-12-30T04:34:26.329Z, 1.4442, -0.95813, -1.3965, 2.2257
2015-12-30T04:34:30.129Z, 1.4211, -0.95353, -1.3884, 2.2037
2015-12-30T04:34:33.929Z, 1.3984, -0.94905, -1.3802, 2.182
2015-12-30T04:34:37.729Z, 1.3761, -0.94469, -1.3719, 2.1606
2015-12-30T04:34:41.529Z, 1.3542, -0.94046, -1.3635, 2.1395
2015-12-30T04:34:45.329Z, 1.3327, -0.93635, -1.355, 2.1187
2015-12-30T04:34:49.129Z, 1.3115, -0.93234, -1.3465, 2.0982
2015-12-30T04:34:52.929Z, 1.2907, -0.92845, -1.3379, 2.0779
2015-12-30T04:34:56.729Z, 1.2702, -0.92467, -1.3292, 2.058
2015-12-30T04:35:00.529Z, 1.2501, -0.92099, -1.3205, 2.0383
2015-12-30T04:35:04.329Z, 1.2303, -0.91742, -1.3118, 2.0189
2015-12-30T04:35:08.129Z, 1.2109, -0.91394, -1.303, 1.9998
2015-12-30T04:35:11.929Z, 1.1919, -0.91056, -1.2941, 1.981
2015-12-30T04:35:15.729Z, 1.1732, -0.90727, -1.2853, 1.9625
2015-12-30T04:35:19.529Z, 1.1548, -0.90407, -1.2764, 1.9442
2015-12-30T04:35:23.329Z, 1.1367, -0.90095, -1.2675, 1.9262
2015-12-30T04:35:27.129Z, 1.119, -0.89792, -1.2586, 1.9085
2015-12-30T04:35:30.929Z, 1.1016, -0.89497, -1.2497, 1.8911
2015-12-30T04:35:34.729Z, 1.0845, -0.8921, -1.2408, 1.8739
2015-12-30T04:35:38.529Z, 1.0677, -0.8893, -1.2319, 1.857
2015-12-30T04:35:42.329Z, 1.0512, -0.88658, -1.223, 1.8403
2015-12-30T04:35:46.129Z, 1.0351, -0.88392, -1.2141, 1.8239
2015-12-30T04:35:49.929Z, 1.0192, -0.88133, -1.2052, 1.8078
2015-12-30T04:35:53.729Z, 1.0036, -0.8788, -1.1963, 1.7919
2015-12-30T04:35:57.529Z, 0.98834, -0.87634, -1.1875, 1.7762
2015-12-30T04:36:01.329Z, 0.97334, -0.87393, -1.1787, 1.7608
2015-12-30T04:36:05.129Z, 0.95862, -0.87158, -1.17, 1.7457
2015-12-30T04:36:08.929Z, 0.94417, -0.86928, -1.1612, 1.7308
2015-12-30T04:36:12.729Z, 0.92999, -0.86703, -1.1525, 1.7161
2015-12-30T04:36:16.529Z, 0.91608, -0.86483, -1.1439, 1.7016
2015-12-30T04:36:20.329Z, 0.90243, -0.86268, -1.1353, 1.6874
2015-12-30T04:36:24.129Z, 0.88904, -0.86057, -1.1267, 1.6734
2015-12-30T04:36:27.929Z, 0.8759, -0.8585, -1.1182, 1.6597
2015-12-30T04:36:31.729Z, 0.86301, -0.85647, -1.1097, 1.6461
2015-12-30T04:36:35.529Z, 0.85036, -0.85447, -1.1013, 1.6328
2015-12-30T04:36:39.329Z, 0.83794, -0.85252, -1.0929, 1.6197
2015-12-30T04:36:43.129Z, 0.82577, -0.85059, -1.0846, 1.6068
2015-12-30T04:36:46.929Z, 0.81382, -0.8487, -1.0764, 1.5941
2015-12-30T04:36:50.729Z, 0.80209, -0.84684, -1.0682, 1.5816
2015-12-30T04:36:54.529Z, 0.79059, -0.845, -1.0601, 1.5693
2015-12-30T04:36:58.329Z, 0.77931, -0.84319, -1.052, 1.5573
2015-12-30T04:37:02.129Z, 0.76823, -0.8414, -1.044, 1.5454
2015-12-30T04:37:05.929Z, 0.75737, -0.83964, -1.0361, 1.5337
2015-12-30T04:37:09.729Z, 0.7467, -0.83789, -1.0283, 1.5221
2015-12-30T04:37:13.529Z, 0.73624, -0.83616, -1.0205, 1.5108
2015-12-30T04:37:17.329Z, 0.72598, -0.83446, -1.0127, 1.4997
2015-12-30T04:37:21.129Z, 0.7159, -0.83276, -1.0051, 1.4887
2015-12-30T04:37:24.929Z, 0.70601, -0.83108, -0.99751, 1.4779
2015-12-30T04:37:28.729Z, 0.69631, -0.82942, -0.99, 1.4673
2015-12-30T04:37:32.529Z, 0.68678, -0.82776, -0.98256, 1.4568
2015-12-30T04:37:36.329Z, 0.67744, -0.82612, -0.97519, 1.4465
2015-12-30T04:37:40.129Z, 0.66826, -0.82449, -0.9679, 1.4364
2015-12-30T04:37:43.929Z, 0.65926, -0.82286, -0.96068, 1.4264
2015-12-30T04:37:47.729Z, 0.65041, -0.82124, -0.95354, 1.4166
2015-12-30T04:37:51.529Z, 0.64173, -0.81962, -0.94647, 1.4069
2015-12-30T04:37:55.329Z, 0.63321, -0.81801, -0.93947, 1.3974
2015-12-30T04:37:59.129Z, 0.62484, -0.81641, -0.93255, 1.388
2015-12-30T04:38:02.929Z, 0.61663, -0.8148, -0.9257, 1.3788
2015-12-30T04:38:06.729Z, 0.60856, -0.8132, -0.91893, 1.3697
2015-12-30T04:38:10.529Z, 0.60063, -0.8116, -0.91223, 1.3607
2015-12-30T04:38:14.329Z, 0.59285, -0.81, -0.90561, 1.3519
2015-12-30T04:38:18.129Z, 0.5852, -0.8084, -0.89906, 1.3432
2015-12-30T04:38:21.929Z, 0.5777, -0.80679, -0.89258, 1.3347
2015-12-30T04:38:25.729Z, 0.57032, -0.80518, -0.88618, 1.3262
2015-12-30T04:38:29.529Z, 0.56307, -0.80357, -0.87985, 1.3179
2015-12-30T04:38:33.329Z, 0.55594, -0.80196, -0.8736, 1.3097
2015-12-30T04:38:37.129Z, 0.54895, -0.80034, -0.86741, 1.3017
2015-12-30T04:38:40.929Z, 0.54207, -0.79872, -0.8613, 1.2937
2015-12-30T04:38:44.729Z, 0.5353, -0.79709, -0.85527, 1.2858
2015-12-30T04:38:48.529Z, 0.52866, -0.79545, -0.8493, 1.2781
2015-12-30T04:38:52.329Z, 0.52212, -0.79381, -0.84341, 1.2705
2015-12-30T04:38:56.129Z, 0.5157, -0.79216, -0.83759, 1.2629
2015-12-30T04:38:59.929Z, 0.50938, -0.79051, -0.83183, 1.2555
2015-12-30T04:39:03.729Z, 0.50316, -0.78884, -0.82615, 1.2482
2015-12-30T04:39:07.529Z, 0.49705, -0.78717, -0.82054, 1.241
2015-12-30T04:39:11.329Z, 0.49104, -0.78548, -0.81499, 1.2338
2015-12-30T04:39:15.129Z, 0.48513, -0.78379, -0.80952, 1.2268
2015-12-30T04:39:18.929Z, 0.47931, -0.78209, -0.80411, 1.2198
2015-12-30T04:39:22.729Z, 0.47358, -0.78038, -0.79877, 1.213
2015-12-30T04:39:26.529Z, 0.46794, -0.77866, -0.79349, 1.2062
2015-12-30T04:39:30.329Z, 0.4624, -0.77693, -0.78828, 1.1995
2015-12-30T04:39:34.129Z, 0.45694, -0.77519, -0.78313, 1.1929
2015-12-30T04:39:37.929Z, 0.45156, -0.77343, -0.77805, 1.1864
2015-12-30T04:39:41.729Z, 0.44627, -0.77167, -0.77303, 1.1799
2015-12-30T04:39:45.529Z, 0.44105, -0.7699, -0.76808, 1.1735
2015-12-30T04:39:49.329Z, 0.43592, -0.76811, -0.76318, 1.1672
2015-12-30T04:39:53.129Z, 0.43086, -0.76631, -0.75835, 1.161
2015-12-30T04:39:56.929Z, 0.42588, -0.7645, -0.75358, 1.1549
2015-12-30T04:40:00.729Z, 0.42097, -0.76268, -0.74887, 1.1488
2015-12-30T04:40:04.529Z, 0.41613, -0.76085, -0.74422, 1.1428
2015-12-30T04:40:08.329Z, 0.41137, -0.75901, -0.73962, 1.1368
2015-12-30T04:40:12.129Z, 0.40667, -0.75715, -0.73508, 1.1309
2015-12-30T04:40:15.929Z, 0.40203, -0.75528, -0.7306, 1.1251
2015-12-30T04:40:19.729Z, 0.39747, -0.75341, -0.72618, 1.1193
2015-12-30T04:40:23.529Z, 0.39296, -0.75151, -0.72181, 1.1136
2015-12-30T04:40:27.329Z, 0.38852, -0.74961, -0.7175, 1.108
2015-12-30T04:40:31.129Z, 0.38414, -0.7477, -0.71324, 1.1024
2015-12-30T04:40:34.929Z, 0.37982, -0.74577, -0.70903, 1.0969
2015-12-30T04:40:38.729Z, 0.37555, -0.74383, -0.70487, 1.0914
2015-12-30T04:40:42.529Z, 0.37135, -0.74188, -0.70077, 1.086
2015-12-30T04:40:46.329Z, 0.36719, -0.73992, -0.69671, 1.0806
2015-12-30T04:40:50.129Z, 0.3631, -0.73795, -0.69271, 1.0753
2015-12-30T04:40:53.929Z, 0.35905, -0.73597, -0.68876, 1.07
2015-12-30T04:40:57.729Z, 0.35506, -0.73397, -0.68485, 1.0648
2015-12-30T04:41:01.529Z, 0.35111, -0.73196, -0.68099, 1.0596
2015-12-30T04:41:05.329Z, 0.34722, -0.72995, -0.67718, 1.0545
2015-12-30T04:41:09.129Z, 0.34337, -0.72792, -0.67342, 1.0494
2015-12-30T04:41:12.929Z, 0.33958, -0.72588, -0.6697, 1.0444
2015-12-30T04:41:16.729Z, 0.33582, -0.72383, -0.66602, 1.0394
2015-12-30T04:41:20.529Z, 0.33211, -0.72177, -0.66239, 1.0344
2015-12-30T04:41:24.329Z, 0.32845, -0.7197, -0.6588, 1.0295
2015-12-30T04:41:28.129Z, 0.32483, -0.71762, -0.65526, 1.0246
2015-12-30T04:41:31.929Z, 0.32125, -0.71552, -0.65176, 1.0198
2015-12-30T04:41:35.729Z, 0.31772, -0.71342, -0.64829, 1.015
2015-12-30T04:41:39.529Z, 0.31422, -0.71131, -0.64487, 1.0102
2015-12-30T04:41:43.329Z, 0.31076, -0.70919, -0.64149, 1.0055
2015-12-30T04:41:47.129Z, 0.30735, -0.70706, -0.63815, 1.0008
2015-12-30T04:41:50.929Z, 0.30397, -0.70492, -0.63485, 0.99616
2015-12-30T04:41:54.729Z, 0.30062, -0.70277, -0.63158, 0.99154
2015-12-30T04:41:58.529Z, 0.29732, -0.70062, -0.62835, 0.98696
2015-12-30T04:42:02.329Z, 0.29404, -0.69845, -0.62516, 0.98241
2015-12-30T04:42:06.129Z, 0.29081, -0.69627, -0.62201, 0.97789
2015-12-30T04:42:09.929Z, 0.28761, -0.69409, -0.61889, 0.9734
2015-12-30T04:42:13.729Z, 0.28444, -0.6919, -0.6158, 0.96894
2015-12-30T04:42:17.529Z, 0.2813, -0.6897, -0.61275, 0.96451
2015-12-30T04:42:21.329Z, 0.2782, -0.68749, -0.60973, 0.96011
2015-12-30T04:42:25.129Z, 0.27513, -0.68528, -0.60675, 0.95575
2015-12-30T04:42:28.929Z, 0.27209, -0.68306, -0.6038, 0.95141
2015-12-30T04:42:32.729Z, 0.26908, -0.68083, -0.60088, 0.94709
2015-12-30T04:42:36.529Z, 0.26609, -0.6786, -0.59799, 0.94281
2015-12-30T04:42:40.329Z, 0.26314, -0.67635, -0.59513, 0.93855
2015-12-30T04:42:44.129Z, 0.26022, -0.67411, -0.5923, 0.93432
2015-12-30T04:42:47.929Z, 0.25733, -0.67185, -0.5895, 0.93011
2015-12-30T04:42:51.729Z, 0.25446, -0.66959, -0.58673, 0.92593
2015-12-30T04:42:55.529Z, 0.25162, -0.66732, -0.58399, 0.92178
2015-12-30T04:42:59.329Z, 0.2488, -0.66505, -0.58128, 0.91765
2015-12-30T04:43:03.129Z, 0.24602, -0.66277, -0.57859, 0.91354
2015-12-30T04:43:06.929Z, 0.24326, -0.66049, -0.57593, 0.90946
2015-12-30T04:43:10.729Z, 0.24052, -0.6582, -0.5733, 0.9054
2015-12-30T04:43:14.529Z, 0.23781, -0.65591, -0.57069, 0.90137
2015-12-30T04:43:18.329Z, 0.23512, -0.65361, -0.56811, 0.89736
2015-12-30T04:43:22.129Z, 0.23246, -0.65131, -0.56556, 0.89337
2015-12-30T04:43:25.929Z, 0.22982, -0.64901, -0.56303, 0.8894
2015-12-30T04:43:29.729Z, 0.22721, -0.6467, -0.56052, 0.88545
2015-12-30T04:43:33.529Z, 0.22461, -0.64439, -0.55804, 0.88153
2015-12-30T04:43:37.329Z, 0.22204, -0.64207, -0.55558, 0.87762
2015-12-30T04:43:41.129Z, 0.2195, -0.63975, -0.55314, 0.87374
2015-12-30T04:43:44.929Z, 0.21697, -0.63743, -0.55073, 0.86988
2015-12-30T04:43:48.729Z, 0.21447, -0.6351, -0.54833, 0.86604
2015-12-30T04:43:52.529Z, 0.21198, -0.63277, -0.54596, 0.86222
2015-12-30T04:43:56.329Z, 0.20952, -0.63044, -0.54362, 0.85841
2015-12-30T04:44:00.129Z, 0.20708, -0.62811, -0.54129, 0.85463
2015-12-30T04:44:03.929Z, 0.20466, -0.62577, -0.53898, 0.85087
2015-12-30T04:44:07.729Z, 0.20226, -0.62344, -0.53669, 0.84712
2015-12-30T04:44:11.529Z, 0.19988, -0.6211, -0.53442, 0.8434
2015-12-30T04:44:15.329Z, 0.19751, -0.61876, -0.53218, 0.83969
2015-12-30T04:44:19.129Z, 0.19517, -0.61642, -0.52995, 0.83601
2015-12-30T04:44:22.929Z, 0.19285, -0.61407, -0.52774, 0.83234
2015-12-30T04:44:26.729Z, 0.19054, -0.61173, -0.52555, 0.82869
2015-12-30T04:44:30.529Z, 0.18826, -0.60939, -0.52337, 0.82505
2015-12-30T04:44:34.329Z, 0.18599, -0.60704, -0.52122, 0.82144
2015-12-30T04:44:38.129Z, 0.18374, -0.6047, -0.51908, 0.81784
2015-12-30T04:44:41.929Z, 0.18151, -0.60235, -0.51696, 0.81426
2015-12-30T04:44:45.729Z, 0.17929, -0.60001, -0.51485, 0.81069
2015-12-30T04:44:49.529Z, 0.17709, -0.59766, -0.51276, 0.80715
2015-12-30T04:44:53.329Z, 0.17492, -0.59532, -0.51069, 0.80362
2015-12-30T04:44:57.129Z, 0.17275, -0.59297, -0.50864, 0.80011
2015-12-30T04:45:00.929Z, 0.17061, -0.59063, -0.5066, 0.79661
2015-12-30T04:45:04.729Z, 0.16848, -0.58829, -0.50457, 0.79313
2015-12-30T04:45:08.529Z, 0.16636, -0.58595, -0.50256, 0.78967
2015-12-30T04:45:12.329Z, 0.16427, -0.58361, -0.50057, 0.78622
2015-12-30T04:45:16.129Z, 0.16219, -0.58127, -0.49859, 0.78279
2015-12-30T04:45:19.929Z, 0.16012, -0.57893, -0.49662, 0.77938
2015-12-30T04:45:23.729Z, 0.15807, -0.57659, -0.49467, 0.77598
2015-12-30T04:45:27.529Z, 0.15604, -0.57426, -0.49273, 0.7726
2015-12-30T04:45:31.329Z, 0.15402, -0.57193, -0.49081, 0.76923
2015-12-30T04:45:35.129Z, 0.15202, -0.5696, -0.4889, 0.76588
2015-12-30T04:45:38.929Z, 0.15003, -0.56727, -0.487, 0.76255
2015-12-30T04:45:42.729Z, 0.14806, -0.56495, -0.48512, 0.75923
2015-12-30T04:45:46.529Z, 0.1461, -0.56262, -0.48325, 0.75592
2015-12-30T04:45:50.329Z, 0.14416, -0.5603, -0.48139, 0.75263
2015-12-30T04:45:54.129Z, 0.14223, -0.55799, -0.47954, 0.74936
2015-12-30T04:45:57.929Z, 0.14032, -0.55567, -0.47771, 0.7461
2015-12-30T04:46:01.729Z, 0.13842, -0.55336, -0.47589, 0.74286
2015-12-30T04:46:05.529Z, 0.13653, -0.55105, -0.47408, 0.73963
2015-12-30T04:46:09.329Z, 0.13466, -0.54875, -0.47228, 0.73642
2015-12-30T04:46:13.129Z, 0.1328, -0.54645, -0.47049, 0.73322
2015-12-30T04:46:16.929Z, 0.13096, -0.54415, -0.46872, 0.73003
2015-12-30T04:46:20.729Z, 0.12913, -0.54186, -0.46695, 0.72686
2015-12-30T04:46:24.529Z, 0.12731, -0.53957, -0.4652, 0.72371
2015-12-30T04:46:28.329Z, 0.12551, -0.53728, -0.46346, 0.72057
2015-12-30T04:46:32.129Z, 0.12372, -0.535, -0.46173, 0.71744
2015-12-30T04:46:35.929Z, 0.12194, -0.53273, -0.46, 0.71433
2015-12-30T04:46:39.729Z, 0.12018, -0.53045, -0.45829, 0.71124
2015-12-30T04:46:43.529Z, 0.11843, -0.52818, -0.45659, 0.70815
2015-12-30T04:46:47.329Z, 0.11669, -0.52592, -0.4549, 0.70508
2015-12-30T04:46:51.129Z, 0.11496, -0.52366, -0.45322, 0.70203
2015-12-30T04:46:54.929Z, 0.11325, -0.52141, -0.45155, 0.69899
2015-12-30T04:46:58.729Z, 0.11155, -0.51916, -0.44989, 0.69596
2015-12-30T04:47:02.529Z, 0.10987, -0.51691, -0.44824, 0.69295
2015-12-30T04:47:06.329Z, 0.10819, -0.51467, -0.44659, 0.68996
2015-12-30T04:47:10.129Z, 0.10653, -0.51244, -0.44496, 0.68697
2015-12-30T04:47:13.929Z, 0.10488, -0.51021, -0.44333, 0.684
2015-12-30T04:47:17.729Z, 0.10324, -0.50799, -0.44172, 0.68105
2015-12-30T04:47:21.529Z, 0.10162, -0.50577, -0.44011, 0.6781
2015-12-30T04:47:25.329Z, 0.1, -0.50355, -0.43852, 0.67518
2015-12-30T04:47:29.129Z, 0.098401, -0.50135, -0.43693, 0.67226
2015-12-30T04:47:32.929Z, 0.096811, -0.49915, -0.43535, 0.66936
2015-12-30T04:47:36.729Z, 0.095233, -0.49695, -0.43377, 0.66647
2015-12-30T04:47:40.529Z, 0.093666, -0.49476, -0.43221, 0.6636
2015-12-30T04:47:44.329Z, 0.092112, -0.49258, -0.43065, 0.66074
2015-12-30T04:47:48.129Z, 0.090568, -0.4904, -0.42911, 0.65789
2015-12-30T04:47:51.929Z, 0.089036, -0.48823, -0.42757, 0.65506
2015-12-30T04:47:55.729Z, 0.087515, -0.48606, -0.42603, 0.65224
2015-12-30T04:47:59.529Z, 0.086006, -0.4839, -0.42451, 0.64943
2015-12-30T04:48:03.329Z, 0.084507, -0.48175, -0.423, 0.64664
2015-12-30T04:48:07.129Z, 0.08302, -0.4796, -0.42149, 0.64386
2015-12-30T04:48:10.929Z, 0.081544, -0.47746, -0.41999, 0.6411
2015-12-30T04:48:14.729Z, 0.080078, -0.47532, -0.41849, 0.63834
2015-12-30T04:48:18.529Z, 0.078624, -0.4732, -0.41701, 0.6356
2015-12-30T04:48:22.329Z, 0.07718, -0.47108, -0.41553, 0.63288
2015-12-30T04:48:26.129Z, 0.075747, -0.46896, -0.41406, 0.63016
2015-12-30T04:48:29.929Z, 0.074325, -0.46685, -0.41259, 0.62746
2015-12-30T04:48:33.729Z, 0.072913, -0.46475, -0.41114, 0.62477
2015-12-30T04:48:37.529Z, 0.071512, -0.46266, -0.40969, 0.6221
2015-12-30T04:48:41.329Z, 0.070121, -0.46057, -0.40824, 0.61944
2015-12-30T04:48:45.129Z, 0.06874, -0.45849, -0.40681, 0.61679
2015-12-30T04:48:48.929Z, 0.067371, -0.45642, -0.40538, 0.61415
2015-12-30T04:48:52.729Z, 0.066011, -0.45435, -0.40395, 0.61153
2015-12-30T04:48:56.529Z, 0.064661, -0.45229, -0.40254, 0.60892
2015-12-30T04:49:00.329Z, 0.063322, -0.45024, -0.40113, 0.60632
2015-12-30T04:49:04.129Z, 0.061992, -0.44819, -0.39973, 0.60374
2015-12-30T04:49:07.929Z, 0.060672, -0.44615, -0.39833, 0.60117
2015-12-30T04:49:11.729Z, 0.059363, -0.44412, -0.39694, 0.59861
2015-12-30T04:49:15.529Z, 0.058063, -0.4421, -0.39556, 0.59606
2015-12-30T04:49:19.329Z, 0.056772, -0.44008, -0.39418, 0.59352
2015-12-30T04:49:23.129Z, 0.055492, -0.43807, -0.39281, 0.591
2015-12-30T04:49:26.929Z, 0.054221, -0.43607, -0.39144, 0.58849
2015-12-30T04:49:30.729Z, 0.05296, -0.43407, -0.39009, 0.586
2015-12-30T04:49:34.529Z, 0.051708, -0.43209, -0.38873, 0.58351
2015-12-30T04:49:38.329Z, 0.050466, -0.43011, -0.38739, 0.58104
2015-12-30T04:49:42.129Z, 0.049233, -0.42813, -0.38605, 0.57858
2015-12-30T04:49:45.929Z, 0.04801, -0.42617, -0.38471, 0.57613
2015-12-30T04:49:49.729Z, 0.046796, -0.42421, -0.38338, 0.5737
2015-12-30T04:49:53.529Z, 0.045591, -0.42226, -0.38206, 0.57127
2015-12-30T04:49:57.329Z, 0.044395, -0.42032, -0.38075, 0.56886
2015-12-30T04:50:01.129Z, 0.043208, -0.41838, -0.37943, 0.56646
2015-12-30T04:50:04.929Z, 0.04203, -0.41646, -0.37813, 0.56408
2015-12-30T04:50:08.729Z, 0.040862, -0.41454, -0.37683, 0.5617
2015-12-30T04:50:12.529Z, 0.039702, -0.41262, -0.37554, 0.55934
2015-12-30T04:50:16.329Z, 0.038551, -0.41072, -0.37425, 0.55699
2015-12-30T04:50:20.129Z, 0.037408, -0.40882, -0.37297, 0.55465
2015-12-30T04:50:23.929Z, 0.036275, -0.40693, -0.37169, 0.55232
2015-12-30T04:50:27.729Z, 0.03515, -0.40505, -0.37042, 0.55001
2015-12-30T04:50:31.529Z, 0.034034, -0.40318, -0.36915, 0.54771
2015-12-30T04:50:35.329Z, 0.032926, -0.40131, -0.36789, 0.54541
2015-12-30T04:50:39.129Z, 0.031828, -0.39945, -0.36663, 0.54313
2015-12-30T04:50:42.929Z, 0.030737, -0.3976, -0.36538, 0.54087
2015-12-30T04:50:46.729Z, 0.029655, -0.39576, -0.36414, 0.53861
2015-12-30T04:50:50.529Z, 0.028581, -0.39392, -0.3629, 0.53637
2015-12-30T04:50:54.329Z, 0.027515, -0.39209, -0.36167, 0.53413
2015-12-30T04:50:58.129Z, 0.026458, -0.39027, -0.36044, 0.53191
2015-12-30T04:51:01.929Z, 0.025409, -0.38846, -0.35921, 0.5297
2015-12-30T04:51:05.729Z, 0.024367, -0.38666, -0.35799, 0.5275
2015-12-30T04:51:09.529Z, 0.023335, -0.38486, -0.35678, 0.52531
2015-12-30T04:51:13.329Z, 0.02231, -0.38307, -0.35557, 0.52314
2015-12-30T04:51:17.129Z, 0.021293, -0.38129, -0.35437, 0.52097
2015-12-30T04:51:20.929Z, 0.020284, -0.37952, -0.35317, 0.51882
2015-12-30T04:51:24.729Z, 0.019282, -0.37775, -0.35198, 0.51668
2015-12-30T04:51:28.529Z, 0.018289, -0.37599, -0.35079, 0.51455
2015-12-30T04:51:32.329Z, 0.017303, -0.37424, -0.3496, 0.51242
2015-12-30T04:51:36.129Z, 0.016325, -0.3725, -0.34842, 0.51032
2015-12-30T04:51:39.929Z, 0.015355, -0.37076, -0.34725, 0.50822
2015-12-30T04:51:43.729Z, 0.014392, -0.36904, -0.34608, 0.50613
2015-12-30T04:51:47.529Z, 0.013437, -0.36732, -0.34492, 0.50405
2015-12-30T04:51:51.329Z, 0.012489, -0.36561, -0.34376, 0.50199
2015-12-30T04:51:55.129Z, 0.011549, -0.3639, -0.3426, 0.49994
2015-12-30T04:51:58.929Z, 0.010616, -0.36221, -0.34145, 0.49789
2015-12-30T04:52:02.729Z, 0.0096906, -0.36052, -0.34031, 0.49586
2015-12-30T04:52:06.529Z, 0.0087724, -0.35884, -0.33917, 0.49384
2015-12-30T04:52:10.329Z, 0.0078617, -0.35716, -0.33803, 0.49183
2015-12-30T04:52:14.129Z, 0.0069575, -0.3555, -0.3369, 0.48983
2015-12-30T04:52:17.929Z, 0.0060609, -0.35384, -0.33577, 0.48784
2015-12-30T04:52:21.729Z, 0.0051713, -0.35219, -0.33465, 0.48586
2015-12-30T04:52:25.529Z, 0.0042888, -0.35055, -0.33353, 0.48389
2015-12-30T04:52:29.329Z, 0.0034131, -0.34891, -0.33242, 0.48193
2015-12-30T04:52:33.129Z, 0.0025443, -0.34729, -0.33131, 0.47998
2015-12-30T04:52:36.929Z, 0.0016830, -0.34567, -0.33021, 0.47804
2015-12-30T04:52:40.729Z, 0.00082810, -0.34405, -0.32911, 0.47612
2015-12-30T04:52:44.529Z, -2.0046E-5, -0.34245, -0.32801, 0.4742
2015-12-30T04:52:48.329Z, -8.6122E-4, -0.34085, -0.32692, 0.47229
2015-12-30T04:52:52.129Z, -0.0016959, -0.33926, -0.32584, 0.4704
2015-12-30T04:52:55.929Z, -0.002524, -0.33768, -0.32476, 0.46851
2015-12-30T04:52:59.729Z, -0.0033452, -0.33611, -0.32368, 0.46663
2015-12-30T04:53:03.529Z, -0.0041601, -0.33454, -0.3226, 0.46477
2015-12-30T04:53:07.329Z, -0.0049683, -0.33298, -0.32154, 0.46291
